1.554081
1.653814
1.632302
1.800598
1.695327
1.720608
1.731967
1.716922
1.641451
1.847828
1.771559
1.724232
1.762924
1.864316
1.802715
1.814208
1.798710
1.749659
1.800743
1.803179
1.860374
1.874862
1.868244
1.924169
1.880494
1.919838
1.874965
1.879448
1.924109
1.990213
1.968886
1.984241
1.944015
1.955290
2.028454
2.032197
1.953749
1.955149
2.091022
2.048913
2.052316
2.089313
2.075030
2.101030
2.123774
2.029532
2.121019
2.128321
2.160309
2.165271
2.097723
2.176321
2.129583
2.171655
2.204432
2.256689
2.241901
2.241717
2.166918
2.253307
2.316048
2.161254
2.299744
2.163218
2.280524
2.325206
2.229506
2.362241
2.343882
2.391076
2.376877
2.339607
2.387525
2.379546
2.295409
2.416002
2.425197
2.438716
2.432305
2.429880
2.310579
2.531381
2.416781
2.435985
2.522654
2.461594
2.448868
2.539762
2.503841
2.469258
2.616511
2.527516
2.512849
2.492504
2.552548
2.655098
2.617400
2.543136
2.592898
2.654493
2.697754
2.621730
2.595655
2.659259
2.596516
2.705362
2.622258
2.646520
2.586138
2.646143
2.714647
2.769627
2.773091
2.644892
2.715535
2.740734
2.748189
2.767486
2.773309
2.745897
2.767524
2.752387
2.760282
2.848603
2.748945
2.798687
2.764915
2.863528
2.784068
2.760754
2.788280
2.887153
2.973664
2.845031
2.922062
2.968338
2.955311
2.981993
2.878033
2.966717
2.909127
2.853677
2.916654
2.958671
3.039122
2.998640
2.972699
3.015562
2.946857
2.913225
2.950512
2.931672
3.046079
2.996154
2.949327
3.004317
2.978202
3.010515
3.103135
3.112132
3.005939
3.029950
3.075346
3.065264
3.039364
3.121341
3.004514
3.208001
3.067905
3.110949
3.060596
3.049839
3.162479
3.112559
3.126971
3.126447
3.159653
3.216431
3.167288
3.172898
3.204913
3.192282
3.094170
3.142732
3.078889
3.193377
3.263507
3.251415
3.222429
3.133389
3.147272
3.196906
3.185051
3.238704
3.264630
3.189897
3.202346
3.264115
3.237176
3.132001
3.178667
3.184805
3.159231
3.219501
3.238132
3.300000
3.272656
3.298286
3.205195
3.261649
3.300000
3.218319
3.286856
3.300000
3.205979
3.284660
3.217155
3.240923
3.233457
3.243698
3.255330
3.230840
3.243115
3.300000
3.300000
3.202599
3.267675
3.299883
3.300000
3.300000
3.293557
3.201161
3.300000
3.300000
3.264203
3.276802
3.264486
3.286288
3.248556
3.300000
3.236105
3.278304
3.300000
3.300000
3.280737
3.277867
3.300000
3.300000
3.300000
3.300000
3.249558
3.290965
3.198542
3.300000
3.300000
3.300000
3.214502
3.195319
3.300000
3.234906
3.300000
3.287483
3.291394
3.263980
3.300000
3.284817
3.238244
3.274970
3.288603
3.281640
3.300000
3.300000
3.158552
3.243376
3.275575
3.300000
3.300000
3.300000
3.255509
3.300000
3.230309
3.195238
3.288032
3.300000
3.300000
3.286378
3.300000
3.263516
3.300000
3.300000
3.252789
3.284679
3.298381
3.300000
3.230727
3.297375
3.286226
3.277336
3.285541
3.217052
3.250218
3.270557
3.190610
3.145314
3.238874
3.212505
3.221412
3.194654
3.149319
3.212053
3.230787
3.194870
3.165708
3.170375
3.156981
3.095240
3.173401
3.209045
3.154602
3.119119
3.176097
3.198975
3.156760
3.154136
3.135919
3.091429
3.122039
3.167064
3.102980
3.136185
3.092878
3.120395
3.054823
3.021153
2.953706
3.106825
3.082260
3.095962
3.082699
2.959790
3.048310
3.134301
3.078455
3.018688
2.997073
2.996419
3.021736
3.012189
2.952232
2.968224
2.970727
3.033583
3.023475
2.981489
2.897038
2.965763
2.986548
2.931294
2.869112
2.889650
2.960475
2.911280
2.927191
2.916869
2.932118
2.935543
2.902878
2.901531
2.885256
2.802636
2.899172
2.898064
2.854965
2.819311
2.795642
2.738496
2.810858
2.832332
2.842542
2.780761
2.755375
2.857944
2.849880
2.876229
2.702057
2.676973
2.741496
2.744977
2.751892
2.685126
2.691810
2.678326
2.587141
2.636494
2.672835
2.640515
2.695175
2.674509
2.651494
2.659230
2.722583
2.598849
2.736174
2.687404
2.649229
2.478995
2.540599
2.494355
2.561656
2.489930
2.512116
2.599238
2.455125
2.415364
2.461445
2.477103
2.515175
2.477916
2.445383
2.465693
2.387983
2.450845
2.478496
2.416487
2.467588
2.382453
2.440827
2.313252
2.373504
2.390392
2.300134
2.269314
2.304161
2.311321
2.382637
2.255012
2.347978
2.273248
2.245675
2.249482
2.364215
2.216955
2.313776
2.232659
2.193531
2.244209
2.205137
2.185081
2.203660
2.145929
2.265730
2.154960
2.180452
2.181056
2.073612
2.183961
2.149619
2.053054
2.096159
2.024655
2.121857
2.048959
2.085709
2.033105
2.033448
1.985226
1.976855
1.980273
2.100804
2.012884
1.987267
1.976475
2.058705
1.951441
1.951105
1.877443
1.896938
1.835716
1.904647
1.833611
1.925040
1.895453
1.832900
1.808014
1.746875
1.847812
1.837862
1.779647
1.879491
1.793658
1.783704
1.744412
1.771335
1.685407
1.707374
1.652066
1.629902
1.589217
1.750222
1.558775
1.767761
1.677835
1.523533
1.614382
1.652776
1.563753
1.627597
1.525565
1.572007
1.632931
1.565107
1.598001
1.528987
1.481360
1.530723
1.497406
1.590909
1.433112
1.468736
1.380403
1.524550
1.465941
1.493501
1.399721
1.424649
1.456951
1.366983
1.399886
1.290928
1.336354
1.334844
1.295642
1.241628
1.324706
1.312198
1.321186
1.328379
1.226131
1.272891
1.256962
1.299539
1.275865
1.180419
1.118858
1.159037
1.239111
1.179349
1.159604
1.125044
1.118741
1.163282
1.168179
1.145763
1.119636
1.159299
1.082063
1.080525
1.022642
1.071951
1.044872
0.991601
1.060730
1.036864
1.116860
1.030070
1.020597
0.976384
0.921108
0.906964
0.973777
1.024152
0.956987
0.976420
0.894942
0.925846
0.887725
0.852084
0.919705
0.859311
0.703360
0.951845
0.831099
0.856149
0.805275
0.826845
0.797018
0.798102
0.770557
0.728279
0.751717
0.780594
0.747411
0.828333
0.894556
0.693365
0.678945
0.661357
0.656707
0.691400
0.705832
0.687898
0.606444
0.739742
0.703098
0.597606
0.626844
0.606242
0.619342
0.582313
0.570493
0.607321
0.575153
0.582249
0.556898
0.559390
0.569539
0.518373
0.612648
0.565957
0.390307
0.487362
0.545158
0.552259
0.426703
0.578946
0.481286
0.400835
0.447457
0.429026
0.532845
0.337649
0.399774
0.452446
0.463272
0.337956
0.480718
0.335043
0.354595
0.374642
0.427429
0.406190
0.372324
0.409403
0.331878
0.431235
0.350842
0.247838
0.288436
0.278132
0.264751
0.348161
0.248664
0.303030
0.291002
0.252490
0.290757
0.244384
0.366169
0.192577
0.275697
0.231873
0.240856
0.159340
0.282524
0.245886
0.284555
0.255582
0.179559
0.153105
0.183575
0.230071
0.143881
0.181975
0.080082
0.135354
0.203512
0.215985
0.240088
0.186976
0.179542
0.108121
0.053709
0.198051
0.170960
0.162128
0.168416
0.109718
0.183723
0.171616
0.105286
0.085072
0.109552
0.141816
0.162186
0.150562
0.002902
0.108795
0.000000
0.007349
0.041675
0.082967
0.074700
0.068343
0.123283
0.074301
0.109599
0.058847
0.014135
0.000000
0.114435
0.031040
0.073488
0.046482
0.018199
0.065056
0.000000
0.083522
0.099262
0.124258
0.064996
0.076000
0.066728
0.000000
0.017920
0.042925
0.000000
0.007551
0.000000
0.002624
0.025744
0.029817
0.045916
0.059578
0.000000
0.056392
0.059071
0.000000
0.011040
0.050159
0.000636
0.000000
0.000000
0.000000
0.000000
0.062817
0.000000
0.000000
0.006774
0.010445
0.000000
0.000000
0.000000
0.000000
0.034671
0.000000
0.024597
0.000000
0.000000
0.000000
0.000000
0.000000
0.000000
0.000000
0.026214
0.017884
0.050174
0.010741
0.060571
0.001442
0.000000
0.053771
0.030459
0.022657
0.000000
0.011073
0.000000
0.012333
0.033431
0.105213
0.005218
0.008127
0.042491
0.040559
0.035826
0.042888
0.000000
0.107732
0.075289
0.025844
0.016560
0.017330
0.000000
0.044712
0.119524
0.000000
0.000000
0.067234
0.004016
0.060113
0.040021
0.102343
0.062429
0.093381
0.111674
0.114308
0.121733
0.086423
0.000000
0.120968
0.065624
0.142461
0.053400
0.174824
0.082527
0.098827
0.155613
0.257118
0.096794
0.237800
0.177173
0.112389
0.199689
0.177072
0.147045
0.153306
0.077269
0.176535
0.215906
0.207446
0.182531
0.257348
0.189297
0.244989
0.161445
0.214874
0.244090
0.271142
0.242377
0.263016
0.314136
0.319068
0.234285
0.279810
0.351138
0.287866
0.286892
0.362113
0.341681
0.270187
0.309245
0.258918
0.308807
0.372348
0.269234
0.390997
0.327032
0.317753
0.322334
0.259050
0.367357
0.321051
0.301328
0.391720
0.369328
0.385522
0.418527
0.427416
0.408622
0.418839
0.420237
0.434383
0.407549
0.396117
0.412440
0.502359
0.483546
0.535621
0.557026
0.467287
0.460129
0.427465
0.517521
0.570266
0.618279
0.554884
0.535596
0.577648
0.533385
0.586887
0.586241
0.536327
0.589438
0.637436
0.693634
0.658046
0.735829
0.612234
0.664421
0.655113
0.679162
0.626339
0.683390
0.681237
0.686824
0.695794
0.709649
0.731597
0.804579
0.729496
0.756883
0.683539
0.783960
0.787499
0.759951
0.819685
0.795748
0.805448
0.771531
0.880865
0.799923
0.860496
0.870153
0.909260
0.919455
0.823930
0.965442
0.938839
0.871971
0.879275
0.917623
0.920672
1.005134
1.017212
0.986294
1.036522
1.000197
1.070564
1.074718
0.959927
1.074782
1.060993
1.041258
1.103965
1.049114
1.053047
1.119406
1.095551
1.115414
1.177806
1.105495
1.152207
1.188376
1.101618
1.174935
1.171237
1.212528
1.212732
1.211068
1.178542
1.275797
1.314306
1.274328
1.302040
1.272269
1.260232
1.299094
1.222553
1.393290
1.367004
1.239004
1.275181
1.379779
1.353163
1.369903
1.301542
1.398158
1.411155
1.444138
1.349011
1.483933
1.390120
1.456517
1.539453
1.540567
1.503814
1.547817
1.447418
1.556579
1.571393
1.484593
1.553346
1.699662
1.615186
1.639697
1.618164
1.540281
1.513590
1.614891
1.578477
1.567406
1.643069
1.681968
1.783384
1.658121
1.695989
1.832235
1.660330
1.735203
1.719573
1.809130
1.759189
1.827521
1.794878
1.822520
1.711338
1.768604
1.749436
1.750330
1.881785
1.898704
1.849948
1.817561
1.929574
1.978851
1.933043
1.867009
1.895886
1.963736
1.941899
2.000311
1.910083
2.046165
1.965127
1.954108
1.941064
2.052725
2.003238
2.016433
2.021359
1.998302
2.024918
2.064412
2.188860
2.071557
2.140305
2.063234
2.163937
2.175010
2.175895
2.168588
2.068618
2.162648
2.209626
2.098901
2.178207
2.268795
2.220349
2.296197
2.221163
2.309688
2.265396
2.300946
2.204549
2.212237
2.320184
2.287359
2.223537
2.301618
2.315942
2.300403
2.290195
2.372991
2.388023
2.340427
2.456020
2.374714
2.309272
2.418644
2.467342
2.340917
2.538769
2.439429
2.421856
2.486191
2.454003
2.537405
2.565220
2.529568
2.516263
2.440177
2.495925
2.543941
2.451640
2.507519
2.576320
2.515842
2.547432
2.609576
2.612466
2.617368
2.741890
2.661744
2.602567
2.647260
2.711109
2.751733
2.703699
2.638698
2.719968
2.722157
2.728013
2.707033
2.706749
2.730373
2.703424
2.770884
2.746385
2.823214
2.801581
2.783240
2.846078
2.830453
2.811530
2.756443
2.876002
2.810410
2.806454
2.832802
2.891926
2.851606
2.795969
2.845829
2.826586
2.860284
2.818237
2.905472
2.877275
2.857104
2.878967
2.978236
2.861593
2.952232
2.942910
2.881264
2.949379
2.907489
3.001878
2.993925
2.966734
2.929298
2.958884
2.966039
3.014230
3.065233
3.046763
2.992428
2.926334
2.989435
3.049555
2.984502
3.042883
3.122300
3.135414
3.068349
3.153409
3.098716
3.110920
3.108495
3.061151
3.100684
3.121793
3.160148
2.977213
3.067932
3.184758
3.152757
3.135729
3.155587
3.193183
3.091257
3.163516
3.053302
3.158279
3.160749
3.223147
3.127558
3.195654
3.220200
3.141042
3.195866
3.186569
3.179226
3.166730
3.162192
3.140513
3.179288
3.159432
3.207046
3.290964
3.201195
3.267825
3.246814
3.293051
3.228251
3.226590
3.226920
3.176472
3.300000
3.171530
3.239353
3.229839
3.254391
3.181634
3.294540
3.255810
3.248814
3.300000
3.298393
3.300000
3.300000
3.243416
3.259892
3.300000
3.255457
3.274273
3.257237
3.300000
3.300000
3.253815
3.260565
3.300000
3.300000
3.300000
3.221953
3.288249
3.300000
3.297262
3.268052
3.207522
3.300000
3.300000
3.300000
3.279026
3.232679
3.300000
3.256122
3.287492
3.300000
3.300000
3.283512
3.300000
3.266827
3.260660
3.289802
3.235131
3.300000
3.300000
3.260286
3.297566
3.300000
3.288056
3.284568
3.300000
3.300000
3.300000
3.299467
3.300000
3.291757
3.267045
3.255333
3.247730
3.243306
3.284805
3.203380
3.274874
3.204025
3.264612
3.230300
3.281823
3.300000
3.186776
3.231367
3.229311
3.241623
3.252801
3.213811
3.245155
3.300000
3.260394
3.225756
3.263434
3.272747
3.154048
3.231402
3.300000
3.237352
3.240300
3.300000
3.165280
3.265069
3.203877
3.228409
3.242845
3.198968
3.174134
3.234554
3.192758
3.200742
3.221466
3.232982
3.171720
3.131622
3.197684
3.237939
3.137383
3.189267
3.230863
3.152300
3.168203
3.141835
3.096727
3.098477
3.072482
3.121052
3.214982
3.131846
3.196829
3.065731
3.080806
3.187587
3.027958
3.025694
3.185634
3.129895
3.087234
3.073407
3.120698
3.092061
3.091744
3.120478
3.107434
3.049539
2.964454
3.094745
2.970407
2.890021
3.027840
3.010370
2.967537
2.998404
3.054141
2.996002
2.958210
2.971596
2.877135
2.879309
2.893917
2.883730
3.044837
2.956477
2.970758
2.900249
2.871438
2.941150
2.914987
2.866475
2.791167
2.978295
2.967916
2.806353
2.915190
2.830941
2.807542
2.779379
2.801164
2.825042
2.737631
2.807710
2.717710
2.778458
2.731645
2.834679
2.729172
2.745367
2.770295
2.730780
2.704501
2.637231
2.697938
2.766767
2.722691
2.635772
2.733477
2.670687
2.706459
2.668884
2.537087
2.591516
2.716388
2.618708
2.589257
2.625063
2.631712
2.558164
2.601293
2.514065
2.534677
2.528936
2.560980
2.638680
2.563938
2.479775
2.432614
2.468513
2.573523
2.515996
2.426608
2.538641
2.420716
2.452134
2.409805
2.435147
2.392384
2.380382
2.371178
2.500801
2.289537
2.431706
2.348078
2.389460
2.404257
2.269801
2.370748
2.311535
2.263266
2.303699
2.291164
2.301612
2.296818
2.251762
2.294824
2.263144
2.301786
2.299573
2.194133
2.195088
2.252659
2.290728
2.244428
2.169682
2.170461
2.230481
2.083990
2.117913
2.080689
2.180189
2.037849
2.064328
2.083411
2.086881
2.040489
1.999475
2.023663
2.013854
1.960789
1.943025
2.010007
2.024402
2.006208
1.969350
1.927856
1.866049
1.888327
1.897513
1.903475
1.920273
1.908909
1.928542
1.894377
1.797028
1.895640
1.792313
1.812075
1.788443
1.846501
1.716333
1.823713
1.746388
1.729817
1.695574
1.710124
1.679643
1.685465
1.779132
1.700413
1.646456
1.748234
1.709142
1.687501
1.630773
1.681323
1.604986
1.587672
1.586296
1.583530
1.622299
1.630824
1.475370
1.541932
1.482446
1.604591
1.614384
1.491250
1.556943
1.530906
1.512462
1.528856
1.510104
1.474088
1.415484
1.517623
1.381661
1.417338
1.394217
1.451634
1.450791
1.446032
1.441555
1.290073
1.369037
1.341260
1.299079
1.329575
1.294543
1.238198
1.249739
1.231624
1.224828
1.253063
1.259555
1.190453
1.151930
1.166769
1.239877
1.242705
1.118388
1.197113
1.146982
1.113085
1.163970
1.070419
1.061180
1.101098
0.994389
1.060001
1.023734
0.991844
1.026961
1.063610
1.036112
1.152120
1.023979
0.978512
1.048807
1.034775
0.947096
0.978923
0.916538
0.947235
0.940351
1.052267
0.971623
0.869257
0.846778
0.874022
0.917718
0.984984
0.851401
0.864320
0.784471
0.915153
0.875308
0.880753
0.864442
0.714470
0.866007
0.797686
0.761357
0.760269
0.828898
0.860910
0.807825
0.838903
0.712496
0.654690
0.702813
0.659828
0.649893
0.678009
0.613436
0.634693
0.666093
0.668910
0.615408
0.633472
0.637063
0.612444
0.657359
0.568845
0.628907
0.673318
0.673736
0.556112
0.599482
0.517633
0.582258
0.467475
0.457104
0.489663
0.436328
0.545508
0.516495
0.554878
0.513385
0.523141
0.433926
0.519336
0.467321
0.428590
0.511233
0.484493
0.430750
0.446934
0.407322
0.376851
0.422789
0.391916
0.379206
0.410079
0.361436
0.362303
0.455405
0.251941
0.320754
0.289124
0.448087
0.327087
0.415522
0.336341
0.324328
0.256249
0.255387
0.299498
0.265917
0.394546
0.228188
0.349084
0.295013
0.251040
0.210722
0.219466
0.217409
0.178356
0.316678
0.194356
0.168914
0.225373
0.220337
0.145029
0.185391
0.216258
0.263464
0.176667
0.235466
0.103636
0.159526
0.183761
0.049625
0.177210
0.130298
0.101452
0.211415
0.163044
0.106396
0.121440
0.063637
0.078967
0.195870
0.223913
0.157669
0.079019
0.129254
0.081226
0.069448
0.150505
0.197220
0.107846
0.139786
0.052478
0.070593
0.063816
0.143902
0.052095
0.072599
0.098659
0.044016
0.016251
0.048824
0.021248
0.027267
0.095556
0.043717
0.087870
0.000000
0.037159
0.000000
0.036847
0.000000
0.049323
0.072714
0.007865
0.035558
0.068343
0.056440
0.024293
0.000000
0.000000
0.000000
0.000000
0.058427
0.036696
0.133075
0.000896
0.044777
0.013767
0.000000
0.007942
0.000000
0.000000
0.000000
0.000000
0.134815
0.000000
0.000000
0.000000
0.000748
0.057905
0.000000
0.000000
0.000000
0.049820
0.000000
0.038668
0.062826
0.009233
0.000000
0.002174
0.029810
0.043680
0.038087
0.039921
0.060210
0.000000
0.057224
0.000000
0.009994
0.024675
0.064189
0.000000
0.020839
0.079771
0.034028
0.053517
0.015612
0.000000
0.070668
0.052250
0.078107
0.002782
0.030051
0.081518
0.000000
0.061543
0.059025
0.115137
0.138146
0.107493
0.000000
0.000000
0.000000
0.088072
0.027962
0.003524
0.050448
0.057438
0.000000
0.069687
0.016930
0.032700
0.122729
0.053995
0.049064
0.162287
0.142030
0.115809
0.113140
0.055711
0.070626
0.147622
0.115094
0.088813
0.223252
0.094142
0.094182
0.106884
0.016402
0.166012
0.196924
0.175173
0.092566
0.094826
0.205078
0.134054
0.228253
0.118454
0.206673
0.136401
0.162646
0.160342
0.261746
0.244129
0.218819
0.278576
0.171436
0.138755
0.251582
0.238115
0.243847
0.199579
0.286729
0.281799
0.196326
0.265870
0.334213
0.274889
0.386603
0.294767
0.284755
0.238956
0.310093
0.344991
0.415584
0.286897
0.323128
0.343790
0.363013
0.374129
0.433053
0.401083
0.344078
0.498814
0.357751
0.413202
0.473317
0.483485
0.361873
0.410607
0.387427
0.426134
0.432378
0.383563
0.473272
0.482500
0.458974
0.453672
0.466363
0.379803
0.439350
0.459934
0.520540
0.531651
0.507099
0.564903
0.555986
0.593764
0.556855
0.571356
0.605522
0.583890
0.643778
0.567150
0.629223
0.606807
0.644130
0.588734
0.678617
0.526554
0.620545
0.771670
0.754559
0.683602
0.638110
0.667851
0.671296
0.742052
0.804820
0.724380
0.737137
0.740498
0.819609
0.751906
0.790435
0.733304
0.829105
0.738941
0.832934
0.772159
0.984078
0.849483
0.805444
0.845079
0.927983
0.874123
0.804403
0.931950
0.890985
0.863097
0.989611
0.938600
0.884788
1.030110
1.012387
0.900551
0.987134
1.024258
0.956734
1.024542
1.007742
1.012702
0.981118
1.109891
1.076289
1.059896
1.081636
1.152361
1.079606
1.066332
1.130761
1.165728
1.111066
1.075945
1.064297
1.103273
1.246547
1.229206
1.131142
1.190209
1.225144
1.186539
1.246148
1.203814
1.194102
1.211776
1.300462
1.258357
1.270870
1.298329
1.261541
1.293533
1.363435
1.390500
1.349496
1.372701
1.332696
1.357591
1.371560
1.428314
1.399997
1.479927
1.381838
1.458314
1.421187
1.465108
1.480140
1.377110
1.484323
1.470393
1.613767
1.578029
1.527784
1.517404
1.545885
1.579102
1.628514
1.583299
1.640136
1.593668
1.676651
1.607003
1.584164
1.707038
1.707021
1.644702
1.651614
1.760534
1.686611
1.721960
1.780489
1.734552
1.695497
1.739949
1.821838
1.739100
1.841683
1.787048
1.756855
1.770962
1.871381
1.852830
1.860048
1.782683
1.926801
1.870796
1.908420
1.964996
1.849924
1.939779
1.862110
1.842642
2.013490
1.963007
1.990913
1.929263
2.007373
1.960386
2.034127
1.976862
2.048888
2.176341
2.091897
2.036886
2.058618
2.004529
2.095855
2.153258
2.168177
2.088504
2.148589
2.155438
2.152812
2.124604
2.133524
2.179775
2.168428
2.177763
2.235518
2.254381
2.225603
2.253609
2.310163
2.228194
2.285564
2.301677
2.273990
2.284004
2.304314
2.277018
2.397903
2.333977
2.304922
2.336393
2.434792
2.281997
2.406637
2.432408
2.436350
2.339668
2.507100
2.411414
2.450286
2.413933
2.451530
2.394412
2.453741
2.440799
2.476253
2.515830
2.510703
2.564117
2.530710
2.397771
2.518233
2.607444
2.612703
2.668065
2.540344
2.652982
2.603042
2.638343
2.627275
2.641449
2.639559
2.614549
2.525945
2.591131
2.583999
2.645521
2.554406
2.703148
2.742306
2.627179
2.703706
2.692149
2.701804
2.773410
2.729898
2.720291
2.701572
2.769546
2.786573
2.784817
2.804698
2.831143
2.853372
2.779909
2.821118
2.846881
2.833954
2.855665
2.794550
2.884006
2.835663
2.857927
2.971282
2.876689
2.902909
2.770850
2.945680
2.988234
2.856924
2.910169
2.890829
2.834144
2.873027
2.945172
2.954808
2.994638
2.949241
2.955929
3.056492
2.948406
2.950528
3.022241
3.030859
3.007139
3.015588
2.986413
3.087440
3.042299
3.075192
3.099224
3.084165
2.950498
3.113482
3.037988
3.075123
3.083990
2.995069
3.161748
3.106350
3.130861
3.093895
3.131873
3.108969
3.101867
3.173355
3.121559
3.074809
3.162428
3.099920
3.112228
3.119825
3.207464
3.163005
3.104644
3.148021
3.198073
3.163480
3.152063
3.073153
3.124361
3.187250
3.101207
3.171384
3.173232
3.168168
3.158858
3.251520
3.128083
3.252293
3.204369
3.208841
3.257079
3.253164
3.300000
3.164544
3.276779
3.294913
3.277082
3.255880
3.279320
3.111617
3.292752
3.274373
3.300000
3.243577
3.265683
3.260637
3.193120
3.300000
3.168283
3.274853
3.237080
3.300000
3.281749
3.171093
3.300000
3.245099
3.212081
3.247021
3.300000
3.270615
3.150171
3.300000
3.274815
3.300000
3.300000
3.300000
3.300000
3.300000
3.224988
3.264477
3.233593
3.274829
3.224579
3.300000
3.300000
3.300000
3.300000
3.300000
3.267074
3.230518
3.244039
3.300000
3.300000
3.300000
3.300000
3.283517
3.211893
3.300000
3.300000
3.236832
3.300000
3.300000
3.251578
3.291347
3.300000
3.300000
3.300000
3.294683
3.293792
3.258509
3.293753
3.194393
3.300000
3.300000
3.300000
3.201759
3.300000
3.189478
3.300000
3.271580
3.192178
3.209725
3.272495
3.300000
3.219332
3.199293
3.219860
3.287630
3.292881
3.249463
3.300000
3.234161
3.268641
3.187166
3.245621
3.240292
3.202686
3.204437
3.252308
3.261287
3.154190
3.182396
3.274757
3.232741
3.300000
3.177696
3.182815
3.177706
3.176180
3.237910
3.228175
3.300000
3.235670
3.058368
3.126941
3.169461
3.116277
3.130984
3.138442
3.116248
3.043437
3.130651
3.075665
3.135199
2.989919
3.117819
3.097071
3.119073
3.069260
3.036259
3.077632
3.092027
3.030808
3.015476
3.042834
2.974390
2.962681
2.954374
3.059165
3.046201
3.034878
3.187676
3.043014
3.046474
2.999312
2.921777
3.062426
3.049196
3.007478
2.876896
3.006925
2.983186
3.066733
2.956926
2.912791
2.894029
2.919268
2.906038
2.975233
3.027855
2.846714
2.891794
2.883870
2.798333
2.889574
2.848649
2.836335
2.918964
2.885772
2.809317
2.881889
2.812816
2.793073
2.815942
2.758614
2.781715
2.768689
2.772891
2.773460
2.870608
2.802878
2.732082
2.795972
2.782341
2.781052
2.728004
2.650488
2.740745
2.719974
2.643883
2.779303
2.660276
2.711207
2.610489
2.723446
2.631345
2.610000
2.670752
2.608135
2.696583
2.694760
2.600579
2.710002
2.547552
2.526987
2.496407
2.489502
2.563933
2.513500
2.563382
2.531824
2.476070
2.476570
2.447095
2.491472
2.460062
2.504364
2.302539
2.536360
2.379588
2.468079
2.324635
2.441322
2.338715
2.506867
2.382369
2.376228
2.322165
2.333430
2.344803
2.334909
2.315601
2.248119
2.246778
2.317370
2.307616
2.234471
2.353513
2.258618
2.320934
2.203229
2.308499
2.231543
2.241628
2.135365
2.193592
2.273579
2.170927
2.163969
2.197071
2.175358
2.125839
2.135247
2.147320
2.100679
2.039362
2.137354
2.081754
2.063800
2.107149
1.950926
2.090609
2.028585
2.035196
2.047543
1.909985
2.075880
1.962627
1.845582
1.866914
2.002424
1.937580
1.915655
1.923682
1.849071
1.905869
1.851847
1.880159
1.936825
1.878083
1.906419
1.884821
1.820611
1.796745
1.830500
1.726229
1.767796
1.791030
1.781443
1.712832
1.744296
1.722926
1.654357
1.655982
1.669779
1.734514
1.706984
1.726583
1.694027
1.656439
1.630852
1.629193
1.673891
1.611602
1.639015
1.575764
1.462557
1.540941
1.553042
1.502800
1.523373
1.440163
1.471379
1.454701
1.472993
1.497099
1.492109
1.505823
1.493627
1.411137
1.499383
1.417050
1.352710
1.344732
1.333848
1.307102
1.426007
1.337871
1.391446
1.304969
1.391911
1.327689
1.252963
1.329957
1.310146
1.191886
1.189991
1.256646
1.204555
1.203604
1.257817
1.224538
1.252266
1.204454
1.252654
1.152181
1.166945
1.146802
1.146761
1.075689
1.155216
1.078696
1.050266
1.219231
1.029514
0.956809
1.047337
1.008324
1.133023
1.058377
1.037162
0.993548
1.001318
0.904240
0.952324
1.030770
0.906267
0.917984
0.973026
0.953996
0.967941
0.965971
0.893697
1.019571
0.884850
0.926803
0.866591
0.877176
0.782439
0.864639
0.822207
0.754143
0.832959
0.694278
0.820402
0.843146
0.752558
0.796083
0.781771
0.723795
0.752763
0.680522
0.765515
0.771388
0.712547
0.679033
0.796379
0.602161
0.752006
0.716228
0.719801
0.720642
0.521343
0.662225
0.632470
0.624314
0.578078
0.525143
0.549928
0.608906
0.585341
0.603933
0.605721
0.503283
0.550332
0.568610
0.494399
0.601130
0.564419
0.494032
0.510080
0.529069
0.457904
0.388973
0.497442
0.472235
0.400965
0.522547
0.473410
0.437587
0.461585
0.431066
0.388676
0.326640
0.384055
0.416065
0.342723
0.334408
0.446309
0.406163
0.401642
0.251627
0.325077
0.406910
0.356875
0.231411
0.371795
0.325709
0.367751
0.221731
0.348330
0.275733
0.313324
0.185505
0.306023
0.154430
0.284004
0.262725
0.260043
0.294383
0.225754
0.219941
0.244832
0.299482
0.201139
0.183708
0.141958
0.288996
0.239931
0.220076
0.266210
0.200714
0.150327
0.161241
0.208536
0.268740
0.201346
0.148418
0.156713
0.173821
0.133811
0.066720
0.102696
0.100651
0.077734
0.101265
0.126466
0.071193
0.100935
0.155748
0.133420
0.127021
0.093301
0.122571
0.058684
0.084349
0.000000
0.099889
0.000000
0.039915
0.139954
0.154994
0.146594
0.010974
0.024480
0.052955
0.059224
0.049573
0.090662
0.049860
0.098641
0.063148
0.055591
0.016154
0.060301
0.080079
0.101263
0.059767
0.000000
0.119835
0.000000
0.058938
0.000000
0.143488
0.000000
0.000000
0.000000
0.029646
0.000000
0.061259
0.000000
0.008012
0.013618
0.000000
0.000000
0.021828
0.000000
0.036757
0.000000
0.043333
0.037905
0.014581
0.013344
0.000000
0.035430
0.000000
0.000000
0.000000
0.000000
0.000000
0.000000
0.027245
0.073349
0.056268
0.000000
0.008174
0.021794
0.000000
0.000000
0.037794
0.000000
0.003924
0.052274
0.002386
0.061315
0.032617
0.000000
0.085550
0.022496
0.000000
0.000000
0.000000
0.000000
0.014745
0.033166
0.048359
0.048868
0.049881
0.000000
0.000000
0.049669
0.002645
0.043719
0.010778
0.030150
0.097643
0.016296
0.000000
0.032450
0.063423
0.112933
0.043660
0.061986
0.091701
0.099275
0.126157
0.030241
0.105034
0.051739
0.089231
0.152474
0.065377
0.170730
0.095465
0.072220
0.138942
0.058241
0.089365
0.098565
0.076078
0.155182
0.176391
0.098697
0.174863
0.088552
0.171855
0.105471
0.109536
0.209127
0.141075
0.107360
0.172918
0.125322
0.087649
0.168410
0.102334
0.186278
0.079366
0.165660
0.191480
0.197252
0.223432
0.164234
0.236818
0.243759
0.204983
0.424885
0.310637
0.303115
0.263137
0.174900
0.230844
0.249467
0.297947
0.250779
0.308104
0.343387
0.292997
0.251482
0.328766
0.346181
0.262623
0.400024
0.344199
0.317778
0.336090
0.411525
0.372095
0.372284
0.351952
0.407117
0.347028
0.415672
0.582757
0.415571
0.394999
0.473333
0.403788
0.416130
0.441987
0.455012
0.479678
0.500899
0.488377
0.445339
0.481306
0.491187
0.497912
0.589599
0.647178
0.505315
0.547010
0.572715
0.625769
0.576052
0.567099
0.604560
0.523653
0.610528
0.585373
0.529439
0.591661
0.615777
0.633652
0.615751
0.688936
0.671483
0.608382
0.612322
0.730340
0.728823
0.665583
0.664097
0.709790
0.724852
0.742983
0.823487
0.828642
0.729440
0.813192
0.828654
0.835933
0.832698
0.832812
0.801947
0.795523
0.851037
0.877827
0.888117
0.789624
0.850901
0.905765
0.891457
0.882769
0.898543
0.874877
0.982312
0.925609
0.892794
0.964596
0.917687
0.986334
0.975169
1.038573
0.935607
1.007923
1.035478
0.993779
1.042301
1.079575
1.004452
1.097243
1.149275
1.092881
1.010601
1.091905
1.204117
1.092940
1.191505
1.132197
1.119732
1.172534
1.163169
1.229386
1.183313
1.138385
1.198691
1.169999
1.317738
1.283847
1.287612
1.322778
1.282549
1.271371
1.195050
1.378363
1.299928
1.352607
1.338446
1.373706
1.350131
1.337462
1.415879
1.463298
1.339197
1.497190
1.517037
1.470191
1.492055
1.408640
1.500654
1.493786
1.549837
1.550101
1.504061
1.544682
1.561953
1.492758
1.585901
1.549410
1.570518
1.624064
1.612560
1.662089
1.577535
1.592404
1.611759
1.630074
1.658190
1.625020
1.785550
1.702481
1.772055
1.669267
1.664521
1.670619
1.760579
1.767593
1.712113
1.665890
1.706203
1.785610
1.831908
1.892282
1.850055
1.863289
1.827074
1.810959
1.759277
1.885963
1.811286
1.755858
1.958024
1.904114
1.938493
1.871107
1.928068
1.955365
2.071113
2.002473
1.943904
1.974845
1.943815
2.064295
2.000345
2.096924
2.025574
2.044898
2.005922
2.029865
2.135737
2.141568
2.096613
2.168828
2.133482
2.062011
2.093737
2.111113
2.141679
2.179858
2.188722
2.156763
2.214827
2.157310
2.234410
2.134676
2.230253
2.293272
2.264633
2.336629
2.263791
2.295897
2.273294
2.291798
2.349297
2.343618
2.257325
2.338598
2.378031
2.337230
2.320462
2.391417
2.424997
2.448739
2.532265
2.473031
2.450737
2.464280
2.485840
2.484392
2.449330
2.384808
2.481913
2.415751
2.489703
2.482235
2.507919
2.605169
2.593885
2.641401
2.530803
2.470406
2.633678
2.601337
2.595068
2.530748
2.606902
2.567593
2.610277
2.590757
2.609984
2.726679
2.752333
2.634479
2.643128
2.712506
2.725799
2.614740
2.662758
2.652543
2.740791
2.789806
2.714576
2.771555
2.711840
2.734194
2.828211
2.781895
2.807331
2.831059
2.741335
2.844107
2.771551
2.865798
2.868679
2.898689
2.860421
2.884064
2.831129
2.786063
2.841395
2.908345
2.857920
2.893847
2.948207
2.979945
2.904174
2.873117
2.885891
3.022129
2.842058
2.951349
2.931208
2.949271
2.871199
2.893051
3.051763
2.891021
3.060678
2.975290
2.984816
2.984531
2.962672
3.049775
3.003462
3.045332
3.079964
3.054595
3.041582
3.113698
2.995301
3.010738
3.055736
2.977900
3.105109
3.051538
3.068746
3.062246
3.195276
3.070463
3.104975
3.085673
3.123556
3.122475
3.161746
3.069957
3.116686
3.047712
3.156176
3.194234
3.172098
3.114081
3.185822
3.137781
3.160343
3.196726
3.094907
3.135752
3.161816
3.201184
3.180360
3.187402
3.174763
3.293977
3.221955
3.160840
3.233625
3.109232
3.264763
3.114472
3.255394
3.144648
3.220640
3.168826
3.248726
3.206509
3.220641
3.300000
3.197612
3.293155
3.214855
3.235584
3.300000
3.284173
3.284631
3.300000
3.237355
3.260468
3.290591
3.283960
3.300000
3.188331
3.232653
3.216621
3.203939
3.300000
3.262127
3.232842
3.276996
3.201326
3.228294
3.300000
3.205161
3.300000
3.227877
3.291745
3.259069
3.287565
3.300000
3.300000
3.300000
3.277092
3.289851
3.300000
3.300000
3.300000
3.217925
3.263292
3.243735
3.252950
3.300000
3.276234
3.300000
3.300000
3.300000
3.300000
3.278410
3.300000
3.300000
3.263901
3.300000
3.223607
3.300000
3.300000
3.300000
3.181179
3.300000
3.224254
3.223521
3.242582
3.270809
3.213376
3.300000
3.233092
3.300000
3.300000
3.232201
3.226680
3.300000
3.300000
3.211700
3.250658
3.256851
3.292150
3.300000
3.300000
3.300000
3.265596
3.300000
3.203486
3.300000
3.274102
3.300000
3.223421
3.192872
3.255505
3.249356
3.246918
3.229535
3.250020
3.237712
3.170872
3.137592
3.225379
3.207528
3.220084
3.117449
3.155583
3.194124
3.247528
3.116488
3.178964
3.179349
3.178577
3.119617
3.115104
3.124251
3.150785
3.167296
3.241933
3.054096
3.179017
3.177002
3.115121
3.068038
3.093301
3.088967
3.129781
3.108112
3.126697
3.081804
3.109956
3.070596
3.159851
3.029676
3.096206
3.166916
3.019604
3.046672
3.076019
3.036440
3.073930
3.035291
3.083035
2.998016
2.916508
3.036426
2.972936
2.987235
3.010315
2.875602
2.948397
2.989458
2.839724
2.891533
2.900121
2.910196
2.961181
2.854931
2.908406
2.939676
2.924796
2.897691
2.915496
2.959582
2.880156
2.948177
2.949861
2.828730
2.826051
2.868880
2.793717
2.741265
2.830313
2.831144
2.811833
2.746428
2.767428
2.831019
2.780922
2.754636
2.727928
2.730761
2.742652
2.748572
2.690421
2.667853
2.711908
2.709902
2.695450
2.654903
2.594600
2.660882
2.704584
2.743622
2.670669
2.653347
2.651354
2.625247
2.570816
2.572517
2.537120
2.578707
2.586639
2.610872
2.539785
2.503619
2.559191
2.462295
2.473195
2.436276
2.510650
2.515180
2.439488
2.469299
2.504401
2.474633
2.440058
2.448052
2.427263
2.362521
2.442844
2.447107
2.411735
2.407406
2.400311
2.388362
2.339178
2.372556
2.367905
2.402564
2.239733
2.238200
2.338075
2.352407
2.302023
2.216762
2.238416
2.308090
2.309365
2.273465
2.154783
2.241290
2.111761
2.210462
2.183353
2.217485
2.163334
2.108089
2.134972
2.133986
2.055369
2.135677
2.066229
2.156102
2.114704
2.055413
2.014630
1.976234
2.095007
2.106067
2.043481
1.990552
2.033751
2.002501
2.003342
2.065812
1.959199
1.965045
1.890265
1.902680
1.979961
1.890879
1.815860
1.926006
1.916438
1.903262
1.908445
1.823370
1.864403
1.823586
1.847799
1.771823
1.818624
1.784597
1.881730
1.768395
1.785010
1.776596
1.718168
1.792109
1.742937
1.763587
1.667956
1.651022
1.708224
1.704975
1.691200
1.699052
1.643276
1.623851
1.566472
1.613156
1.626406
1.650509
1.541069
1.591203
1.593914
1.601241
1.529429
1.471671
1.494447
1.465506
1.493842
1.402370
1.441111
1.434227
1.491928
1.492158
1.459125
1.389779
1.383258
1.316465
1.458054
1.289435
1.412889
1.304034
1.353660
1.329244
1.370023
1.390387
1.297565
1.366681
1.218528
1.212601
1.302377
1.287003
1.257311
1.157427
1.268276
1.280656
1.217248
1.191089
1.137597
1.169091
1.221617
1.164244
1.149468
1.168327
1.091935
1.100989
1.048356
1.021329
1.073291
1.125095
1.050835
1.106417
1.010208
1.037190
0.995870
1.045967
1.042195
0.977144
0.951853
0.840642
0.901959
1.009619
1.057590
0.968017
0.939984
0.955518
0.836540
0.963017
0.910063
0.849713
0.882696
0.876582
0.869271
0.902826
0.852270
0.842907
0.900297
0.705484
0.829780
0.729401
0.803549
0.861651
0.689786
0.771435
0.718477
0.790050
0.755592
0.670897
0.753175
0.754019
0.657998
0.667675
0.758570
0.662659
0.716447
0.738312
0.702035
0.717117
0.616275
0.675144
0.698390
0.672270
0.696984
0.513180
0.630368
0.591791
0.586472
0.624816
0.559401
0.582244
0.499296
0.544616
0.556752
0.522550
0.490422
0.555218
0.577226
0.513966
0.424000
0.477310
0.463672
0.334776
0.440019
0.478792
0.475444
0.332159
0.412492
0.460162
0.380665
0.439696
0.346896
0.439392
0.455743
0.419337
0.363160
0.363276
0.327076
0.330709
0.377399
0.344029
0.341172
0.370723
0.350341
0.326608
0.358367
0.306340
0.232618
0.286589
0.379062
0.268050
0.214937
0.277722
0.240121
0.299039
0.311470
0.241461
0.289913
0.218227
0.204479
0.152187
0.196583
0.284879
0.223120
0.171455
0.168845
0.170436
0.232941
0.185242
0.189224
0.183442
0.164950
0.083872
0.229716
0.077752
0.021127
0.125948
0.180293
0.138266
0.122539
0.123880
0.147068
0.143475
0.158803
0.078038
0.064742
0.149625
0.089094
0.066026
0.040063
0.042241
0.071644
0.115709
0.029138
0.157000
0.152043
0.136767
0.076652
0.047140
0.118062
0.063753
0.073959
0.110428
0.000000
0.109774
0.023759
0.000000
0.030926
0.000000
0.000000
0.000000
0.066117
0.000000
0.002602
0.036451
0.000000
0.069883
0.000000
0.002537
0.000000
0.054252
0.037543
0.045490
0.000000
0.105782
0.000000
0.010714
0.000000
0.072091
0.000000
0.000000
0.000000
0.107549
0.000000
0.000000
0.003174
0.013362
0.000000
0.025302
0.000000
0.000000
0.000000
0.004170
0.072179
0.011906
0.006169
0.042397
0.000000
0.000000
0.014344
0.037459
0.054605
0.000000
0.000000
0.000000
0.000000
0.000000
0.026866
0.029013
0.056067
0.075178
0.083366
0.000000
0.013556
0.000000
0.051090
0.000000
0.000000
0.000000
0.000000
0.003565
0.078082
0.063434
0.032564
0.016247
0.000000
0.001871
0.052939
0.058092
0.054819
0.000000
0.039585
0.010549
0.109402
0.121475
0.098765
0.050356
0.091883
0.018479
0.135593
0.107071
0.052133
0.106067
0.074035
0.110998
0.049167
0.099537
0.056569
0.027166
0.063249
0.076768
0.142619
0.054803
0.143408
0.069956
0.172540
0.127941
0.120360
0.071466
0.078608
0.128808
0.207601
0.151242
0.102073
0.201577
0.156254
0.209426
0.142780
0.184636
0.109535
0.143219
0.224200
0.220872
0.259004
0.229402
0.218102
0.250676
0.259259
0.281014
0.308893
0.272898
0.232732
0.179485
0.218207
0.215815
0.234276
0.341332
0.227851
0.312943
0.211101
0.276090
0.292914
0.274914
0.359726
0.298473
0.383171
0.294098
0.274263
0.370267
0.440965
0.419542
0.412822
0.397983
0.456264
0.447325
0.369528
0.399145
0.354547
0.397838
0.451938
0.439594
0.375331
0.495727
0.490371
0.505969
0.470151
0.510064
0.494353
0.503510
0.480142
0.472197
0.429753
0.499352
0.480548
0.483985
0.510121
0.556395
0.474849
0.560145
0.542811
0.480108
0.452215
0.627069
0.568330
0.631361
0.620052
0.586741
0.663427
0.671465
0.646693
0.696596
0.674181
0.700450
0.613958
0.733895
0.601449
0.672564
0.736062
0.691009
0.745858
0.759488
0.708109
0.787565
0.770474
0.768048
0.821109
0.774431
0.741564
0.831585
0.846955
0.779474
0.900767
0.781032
0.802901
0.881924
0.755864
0.806932
0.863236
0.950578
0.970297
0.868588
0.885758
0.947762
0.986314
1.075944
0.973718
1.006673
0.954417
0.935766
1.001323
1.017453
0.973550
1.082032
1.103965
1.062734
1.121214
1.035325
1.004466
1.016885
1.111418
1.083550
1.132931
1.174476
1.157333
1.170366
1.065140
1.133622
1.158594
1.256978
1.199108
1.120956
1.291802
1.244375
1.230416
1.215502
1.310255
1.217561
1.379441
1.270861
1.241493
1.232533
1.294676
1.322903
1.311575
1.305224
1.379390
1.322561
1.385238
1.368369
1.423610
1.324186
1.460384
1.371124
1.390359
1.493829
1.539749
1.442733
1.484677
1.424517
1.414197
1.563763
1.552833
1.523982
1.510172
1.484284
1.528891
1.641842
1.565462
1.616290
1.602893
1.541753
1.533339
1.681807
1.650767
1.792361
1.652879
1.703289
1.688445
1.659066
1.661004
1.661885
1.773170
1.704993
1.694798
1.744862
1.730102
1.768616
1.691232
1.735154
1.808322
1.776949
1.793671
1.928636
1.910623
1.845631
1.806877
1.830244
1.998324
1.891327
1.921523
1.919805
1.985093
1.900301
1.911999
1.869762
1.892987
1.992995
1.985285
2.038285
1.984284
2.042872
2.067607
2.136558
2.045971
2.051133
2.074783
2.084099
2.081843
2.194122
2.172266
2.094338
2.171590
2.202318
2.103341
2.106252
2.152457
2.191059
2.195341
2.193965
2.218735
2.170981
2.184419
2.255423
2.237831
2.236620
2.181382
2.287132
2.305234
2.226132
2.295242
2.313494
2.364813
2.296695
2.311115
2.311774
2.272875
2.374471
2.396174
2.349649
2.351371
2.349311
2.407609
2.479944
2.294387
2.331543
2.505898
2.427077
2.468801
2.539890
2.566082
2.500338
2.540571
2.525972
2.549008
2.515630
2.467525
2.579985
2.591488
2.548707
2.548994
2.513283
2.567671
2.573073
2.592592
2.702272
2.645887
2.616393
2.659722
2.667716
2.719494
2.712782
2.727336
2.693884
2.711977
2.754834
2.714158
2.639630
2.734069
2.686284
2.737409
2.724810
2.722038
2.820950
2.752740
2.779491
2.790662
2.723040
2.860370
2.802007
2.856780
2.837608
2.887752
2.801431
2.759729
2.827093
2.827915
2.806167
2.930912
2.927713
2.928867
2.803677
2.814569
2.985907
2.918772
2.947527
2.910789
2.848729
2.938148
2.934080
3.087847
2.902348
2.947193
2.924262
3.077927
3.020219
2.930077
3.013040
2.938484
2.992869
3.166580
3.037394
2.972382
3.043708
3.003907
2.992043
3.002193
3.059957
3.098305
3.061300
3.005573
3.037405
3.169299
3.053006
3.068139
3.158694
3.034456
3.141042
3.088783
3.079194
3.168378
3.131873
3.145965
3.150842
3.149352
3.100203
3.089422
3.177861
3.128755
3.243930
3.149479
3.187430
3.266284
3.174060
3.198107
3.174522
3.264476
3.204428
3.253527
3.180981
3.121819
3.204412
3.269485
3.250474
3.204797
3.219094
3.175847
3.260677
3.187989
3.248171
3.177849
3.241772
3.300000
3.248932
3.265986
3.234567
3.187704
3.300000
3.300000
3.275312
3.279463
3.278810
3.195036
3.273404
3.300000
3.209174
3.300000
3.231039
3.271208
3.234682
3.263279
3.300000
3.237595
3.300000
3.275706
3.297712
3.267306
3.300000
3.300000
3.294780
3.196169
3.296736
3.300000
3.300000
3.277904
3.291688
3.147334
3.286897
3.275173
3.279333
3.296029
3.230200
3.220431
3.300000
3.265274
3.275632
3.300000
3.283928
3.300000
3.300000
3.283849
3.293101
3.248930
3.300000
3.300000
3.300000
3.300000
3.260302
3.211753
3.267989
3.300000
3.300000
3.268953
3.240994
3.235821
3.241771
3.272950
3.264753
3.242259
3.226047
3.276214
3.288630
3.267359
3.182326
3.190332
3.291381
3.250515
3.210721
3.300000
3.300000
3.291659
3.257135
3.248492
3.300000
3.204284
3.289815
3.271776
3.273322
3.235803
3.300000
3.289131
3.155257
3.244406
3.254562
3.213721
3.228679
3.281220
3.223923
3.294364
3.160693
3.179412
3.185728
3.218953
3.212289
3.234852
3.214304
3.196446
3.211367
3.239434
3.209013
3.082652
3.116312
3.059563
3.245950
3.130519
3.138783
3.049745
3.095353
3.176823
3.070993
3.207602
3.041117
3.048608
3.127277
3.024792
2.972311
3.115865
3.025843
3.055455
3.051197
3.132169
3.072571
3.062387
3.063290
2.946017
3.012501
3.040804
3.013008
2.991119
3.026218
2.888401
2.903937
2.991269
2.908111
2.960136
2.959837
2.961564
2.986591
2.969900
3.000227
2.945711
3.001705
2.981844
2.945284
3.024817
2.916407
2.939416
2.913804
2.967204
2.829609
2.842718
2.865180
2.867253
2.857582
2.835235
2.810117
2.769308
2.757403
2.870306
2.719384
2.832076
2.812776
2.825092
2.740884
2.799041
2.779863
2.813090
2.734053
2.849663
2.802430
2.750509
2.734785
2.678192
2.748042
2.737007
2.744340
2.692845
2.731071
2.647185
2.591369
2.610346
2.727044
2.677134
2.574120
2.615880
2.636736
2.598017
2.681694
2.592016
2.570043
2.549509
2.546889
2.554439
2.449358
2.586127
2.525739
2.607561
2.573211
2.449529
2.526923
2.436352
2.429066
2.454007
2.389705
2.396938
2.452317
2.370957
2.347311
2.488381
2.460269
2.455795
2.416221
2.377014
2.437265
2.445412
2.326680
2.444663
2.250429
2.244534
2.285554
2.279182
2.321284
2.322019
2.241126
2.314589
2.292304
2.175064
2.267354
2.282244
2.167748
2.181251
2.249088
2.299155
2.162209
2.153518
2.186347
2.137133
2.097101
2.067761
2.037323
2.204080
2.120995
2.106142
2.097259
2.030589
2.087069
2.109885
1.958806
2.048278
2.028315
2.024995
1.999276
2.009497
1.924288
1.994330
1.968905
1.931146
1.963215
1.902029
1.894655
1.930780
1.876134
1.810098
1.797159
1.827740
1.950194
1.961371
1.832870
1.748148
1.815848
1.839777
1.923621
1.870912
1.754250
1.704056
1.728949
1.686628
1.799368
1.701367
1.703268
1.658094
1.724445
1.634952
1.707049
1.610486
1.663933
1.615428
1.666217
1.582398
1.572372
1.548009
1.581346
1.552491
1.539365
1.603420
1.611067
1.518495
1.621348
1.557752
1.591542
1.444387
1.459189
1.520894
1.497175
1.520895
1.460273
1.451082
1.406685
1.384941
1.434370
1.401248
1.379838
1.396496
1.323612
1.300635
1.373905
1.344892
1.232540
1.273044
1.200134
1.324304
1.303278
1.277506
1.284000
1.216338
1.215894
1.232090
1.273173
1.237071
1.196891
1.245754
1.177404
1.140181
1.205253
1.165754
1.085137
1.075622
1.083860
1.155832
1.130963
1.093860
1.072402
1.081259
1.129442
1.089899
1.015774
1.023761
1.050119
0.994862
1.060499
1.012292
1.056936
0.963797
0.946104
1.056801
0.868719
0.900582
0.970542
0.984387
0.851569
0.941789
0.931939
0.948989
0.911983
0.882065
0.814729
0.911218
0.873929
0.781665
0.851209
0.773129
0.735013
0.770472
0.785974
0.833825
0.754875
0.763253
0.765886
0.681382
0.716388
0.705924
0.677908
0.645837
0.641647
0.671673
0.647580
0.744784
0.627676
0.656470
0.628241
0.718062
0.702728
0.594370
0.650368
0.574035
0.644074
0.698450
0.564694
0.535371
0.506228
0.615903
0.579564
0.585550
0.524039
0.482977
0.491054
0.482016
0.461188
0.498697
0.476501
0.538352
0.451268
0.508830
0.411092
0.550425
0.455608
0.438819
0.412871
0.399284
0.394910
0.394638
0.470043
0.425466
0.392384
0.334952
0.293790
0.462881
0.358275
0.352074
0.296031
0.376875
0.294609
0.377861
0.209410
0.342286
0.324295
0.334095
0.286531
0.176401
0.243029
0.421069
0.328441
0.233799
0.292278
0.285703
0.133493
0.235354
0.144402
0.298544
0.282537
0.304058
0.326728
0.223335
0.187810
0.223919
0.215093
0.190806
0.185176
0.138336
0.186861
0.112327
0.188366
0.201479
0.199490
0.206440
0.183488
0.196673
0.147678
0.124896
0.209642
0.043471
0.076171
0.087753
0.152956
0.051225
0.113659
0.137172
0.091635
0.138476
0.132920
0.216881
0.023608
0.063867
0.136269
0.076462
0.067981
0.042291
0.132834
0.110049
0.112117
0.075497
0.000000
0.166234
0.017208
0.082386
0.131508
0.056792
0.041045
0.080064
0.024896
0.003618
0.000000
0.024895
0.040887
0.106821
0.063935
0.079356
0.014702
0.093363
0.068153
0.002981
0.023464
0.000000
0.000000
0.032233
0.000000
0.001601
0.072059
0.000000
0.002665
0.000000
0.043106
0.033233
0.000000
0.000000
0.000000
0.000000
0.000000
0.000000
0.028723
0.000000
0.000000
0.000000
0.037286
0.000000
0.000000
0.150389
0.012468
0.076144
0.135154
0.063040
0.000000
0.000000
0.000000
0.000000
0.010711
0.095007
0.124598
0.048397
0.000000
0.000000
0.120027
0.010551
0.007334
0.000000
0.030130
0.000000
0.037498
0.074037
0.107011
0.019477
0.145012
0.114085
0.000000
0.110676
0.053593
0.000000
0.096766
0.082802
0.067050
0.045011
0.000000
0.164780
0.111517
0.134364
0.076381
0.034060
0.116670
0.000000
0.085577
0.029380
0.069964
0.104741
0.121110
0.059990
0.065922
0.000000
0.013584
0.194142
0.111885
0.125315
0.037610
0.084357
0.007336
0.031977
0.038869
0.024191
0.053757
0.065042
0.091889
0.197007
0.239823
0.104460
0.162953
0.144384
0.098049
0.110188
0.071852
0.214360
0.173612
0.233613
0.147062
0.168978
0.220821
0.198172
0.276051
0.165609
0.288584
0.202690
0.217259
0.207208
0.208044
0.324550
0.205770
0.315529
0.249840
0.259005
0.275434
0.270078
0.213135
0.235359
0.312922
0.283049
0.312224
0.342854
0.322538
0.299505
0.323246
0.401729
0.373640
0.386404
0.397874
0.406856
0.327102
0.496636
0.370960
0.387360
0.316725
0.452953
0.434088
0.421913
0.450113
0.469414
0.451030
0.313668
0.441820
0.446024
0.483259
0.453668
0.483196
0.488104
0.481893
0.531782
0.509719
0.556837
0.490763
0.607559
0.493071
0.528940
0.476883
0.526494
0.629891
0.598136
0.534565
0.615585
0.562241
0.500744
0.587240
0.721860
0.641302
0.539608
0.682502
0.753210
0.661374
0.664283
0.710467
0.646963
0.712480
0.833252
0.670023
0.726305
0.752065
0.762156
0.792346
0.746758
0.728491
0.771496
0.686610
0.781352
0.912768
0.781865
0.837566
0.853877
0.857399
0.849976
0.822699
0.882515
0.886100
0.891244
0.922856
0.892409
0.850545
0.880935
0.964417
0.990620
0.915680
0.889356
0.914630
1.027290
1.032059
1.034862
1.053886
1.012331
1.031430
1.069672
1.089678
1.182431
1.012761
1.077354
1.103789
1.032026
1.025112
1.118953
1.084432
1.130268
1.091427
1.145013
1.165053
1.056513
1.218456
1.086730
1.212669
1.210721
1.231451
1.307490
1.160953
1.214603
1.220827
1.349095
1.347194
1.326221
1.220623
1.286798
1.347335
1.348664
1.307636
1.428079
1.331731
1.391222
1.483874
1.480520
1.392102
1.450998
1.508646
1.384313
1.492480
1.548932
1.515370
1.537383
1.484476
1.429052
1.467916
1.594604
1.529397
1.578375
1.494503
1.466007
1.462243
1.591729
1.478861
1.670934
1.666816
1.634298
1.681620
1.634287
1.558214
1.654061
1.636832
1.744352
1.708872
1.722502
1.693463
1.677835
1.746921
1.721343
1.823232
1.745580
1.734518
1.773705
1.849054
1.776929
1.810822
1.752010
1.842318
1.827355
1.834352
1.874309
1.878707
1.887491
2.048240
1.960453
2.002838
2.011902
1.924413
1.924639
1.875720
1.920593
1.965232
1.985064
2.016076
2.017626
1.960378
2.013625
2.127138
2.035151
2.014166
2.057593
2.097228
2.070930
2.078913
2.093067
2.180020
2.172448
2.102381
2.112481
2.072324
2.226438
2.174149
2.177181
2.208163
2.143504
2.172295
2.237619
2.221908
2.144272
2.218560
2.280346
2.330516
2.290665
2.303065
2.281137
2.325358
2.351556
2.288287
2.396126
2.268917
2.359596
2.359598
2.463449
2.374077
2.561725
2.394548
2.381421
2.543958
2.434862
2.431991
2.461300
2.412532
2.398477
2.448518
2.493446
2.556376
2.568772
2.540831
2.585765
2.666358
2.575710
2.600157
2.545046
2.629319
2.520617
2.569321
2.551214
2.574837
2.711910
2.609525
2.606727
2.688730
2.628931
2.669287
2.689194
2.625738
2.659727
2.782697
2.700670
2.747582
2.774167
2.746801
2.731875
2.798164
2.677544
2.809961
2.650224
2.700424
2.750306
2.775184
2.704604
2.833788
2.798117
2.753954
2.756495
2.775453
2.789012
2.832112
2.842943
2.823172
2.855591
2.834150
2.882806
2.959086
2.931213
2.873829
2.908652
2.899959
2.893118
2.905495
2.984114
2.906881
2.950564
2.978521
2.901534
2.883946
3.005286
2.992086
2.951778
3.041989
3.006954
2.976373
2.980633
2.983471
2.959416
3.158465
2.911431
3.045721
3.037844
2.978408
3.041307
3.073839
3.111404
3.070616
3.099593
3.163941
3.075168
3.056873
3.018723
3.138786
3.075168
3.177607
3.114276
3.108637
3.091729
3.098826
3.065762
3.164286
3.117331
3.175223
3.062072
3.169053
3.109827
3.081245
3.152442
3.199436
3.224451
3.238557
3.161202
3.135759
3.300000
3.163938
3.159787
3.222835
3.148316
3.172344
3.132453
3.202660
3.159323
3.238818
3.231908
3.189341
3.209260
3.202815
3.242978
3.204366
3.253791
3.200202
3.275064
3.239848
3.147707
3.262789
3.300000
3.300000
3.271791
3.300000
3.299427
3.300000
3.282160
3.294874
3.294589
3.300000
3.300000
3.300000
3.230175
3.216293
3.300000
3.300000
3.243168
3.284520
3.300000
3.231413
3.300000
3.222152
3.300000
3.300000
3.285357
3.300000
3.289224
3.300000
3.300000
3.284079
3.300000
3.300000
3.300000
3.300000
3.300000
3.300000
3.255447
3.235527
3.300000
3.300000
3.300000
3.296051
3.300000
3.214507
3.285397
3.197648
3.300000
3.298213
3.300000
3.273851
3.200948
3.300000
3.259874
3.300000
3.300000
3.300000
3.246782
3.273966
3.274831
3.300000
3.300000
3.228004
3.228714
3.284601
3.276253
3.284641
3.220059
3.203512
3.264835
3.300000
3.296442
3.256553
3.241035
3.201653
3.300000
3.296133
3.242397
3.267633
3.259251
3.289455
3.300000
3.149018
3.219063
3.227517
3.164495
3.210954
3.263228
3.181216
3.110547
3.161547
3.223785
3.167684
3.250017
3.170912
3.206921
3.161713
3.219624
3.101852
3.262669
3.165404
3.165488
3.096838
3.164213
3.156621
3.095454
3.181606
3.248323
3.202709
3.135363
3.162006
3.140208
3.145940
3.016579
3.069943
3.096368
3.137598
3.119184
3.090784
2.982521
3.014290
3.147846
3.082376
3.071099
3.047994
3.205325
3.019794
3.041550
3.070079
3.103970
3.025369
3.074736
3.070412
3.027825
2.942912
3.043244
3.002177
3.068780
2.942789
2.978584
2.947332
2.874105
2.907458
2.855614
3.032219
2.953077
2.964598
2.938269
2.977510
2.990701
2.887723
2.852989
2.949956
3.000347
2.869809
2.835820
2.883621
2.812666
2.813805
2.879600
2.827512
2.857728
2.798844
2.846097
2.826575
2.827951
2.853388
2.830799
2.702300
2.863365
2.702032
2.668230
2.796878
2.702031
2.638397
2.723362
2.809817
2.754605
2.736499
2.640215
2.645295
2.723830
2.735931
2.717103
2.680971
2.593714
2.627272
2.689946
2.690645
2.631661
2.608695
2.612084
2.562569
2.620742
2.580627
2.584315
2.544612
2.559365
2.503627
2.606584
2.503100
2.543671
2.401656
2.540338
2.463161
2.503673
2.442203
2.488742
2.418746
2.414783
2.378821
2.342735
2.430114
2.455067
2.398248
2.348042
2.314231
2.313342
2.442139
2.348563
2.279951
2.268544
2.277845
2.294776
2.397919
2.288763
2.214549
2.230991
2.208334
2.315831
2.339855
2.306570
2.201886
2.270307
2.197396
2.183306
2.125592
2.157790
2.121232
2.138837
2.108665
2.113862
2.041510
2.137412
2.036780
2.107729
2.049626
2.028463
1.967931
2.035433
2.086388
2.114479
2.047411
1.946718
1.989332
2.045163
2.005104
1.938582
1.970991
1.994437
1.919881
1.891451
1.878348
1.934248
1.922895
1.863549
1.801897
1.872764
1.843576
1.850752
1.907483
1.841218
1.774119
1.912628
1.761428
1.760103
1.802002
1.695614
1.760621
1.741278
1.836039
1.785130
1.731975
1.647474
1.717496
1.663270
1.644421
1.567392
1.535471
1.656986
1.651782
1.599999
1.640280
1.614009
1.518483
1.516028
1.625961
1.579652
1.530490
1.483757
1.538646
1.527654
1.412440
1.541872
1.487458
1.490812
1.397741
1.535851
1.484997
1.391619
1.412442
1.381575
1.422941
1.432242
1.400076
1.395083
1.388003
1.296984
1.376463
1.287056
1.351247
1.255609
1.355184
1.311072
1.319577
1.236105
1.299013
1.212083
1.221006
1.216094
1.245174
1.273599
1.187922
1.179336
1.195136
1.136152
1.232631
1.202719
1.187240
1.107083
1.041232
1.067403
1.122129
1.059193
1.096883
1.037883
1.072009
1.042917
1.062283
0.949636
1.089229
1.003865
1.023454
1.087665
0.985751
1.033045
0.949886
1.008164
0.970727
0.938532
0.914544
0.947141
0.863320
0.855170
0.940718
0.915406
0.901716
0.844743
0.855641
0.772897
0.771753
0.848719
0.765367
0.816917
0.723266
0.769979
0.736527
0.802473
0.766356
0.770767
0.691148
0.680369
0.668265
0.776104
0.744155
0.714879
0.657561
0.634775
0.729719
0.696624
0.608561
0.737595
0.558712
0.654978
0.664275
0.630070
0.566069
0.618925
0.587658
0.600381
0.566606
0.600160
0.541558
0.493870
0.596561
0.592204
0.577658
0.447962
0.542589
0.458693
0.550127
0.545315
0.541341
0.574161
0.404628
0.488054
0.540394
0.455914
0.448567
0.405072
0.488563
0.439419
0.479787
0.360700
0.363945
0.400809
0.401657
0.337847
0.397132
0.358162
0.429130
0.361823
0.365786
0.301499
0.256165
0.217409
0.427875
0.351017
0.389410
0.301715
0.224951
0.240178
0.232077
0.165096
0.313789
0.226196
0.282932
0.269694
0.223476
0.314781
0.261433
0.163888
0.230717
0.244604
0.199428
0.236075
0.277859
0.231297
0.259270
0.295192
0.277372
0.206935
0.266104
0.103028
0.177126
0.202076
0.183002
0.147889
0.051699
0.154476
0.085834
0.113140
0.181412
0.093204
0.173771
0.089178
0.220943
0.172108
0.060154
0.149126
0.221839
0.000000
0.076728
0.033524
0.110959
0.134604
0.097053
0.084362
0.097351
0.024388
0.023877
0.110248
0.041435
0.140924
0.113390
0.011892
0.075645
0.090751
0.061557
0.019863
0.098809
0.199819
0.045566
0.065820
0.118360
0.012504
0.000000
0.039036
0.000000
0.000000
0.000000
0.074578
0.000000
0.000000
0.000000
0.000000
0.077161
0.000000
0.000000
0.047918
0.030522
0.047763
0.000000
0.000000
0.020042
0.002755
0.002057
0.000000
0.020983
0.007339
0.000000
0.000000
0.000000
0.062251
0.038588
0.000000
0.115757
0.061002
0.000000
0.000000
0.000000
0.000000
0.026761
0.004974
0.074590
0.000000
0.017078
0.012807
0.000000
0.000000
0.056435
0.107008
0.050598
0.040880
0.000000
0.039871
0.085568
0.055542
0.020479
0.000000
0.044965
0.000000
0.000000
0.000000
0.007205
0.000000
0.085606
0.018870
0.070831
0.000000
0.001916
0.000000
0.077588
0.064411
0.186482
0.143620
0.120470
0.028718
0.000000
0.083931
0.053805
0.045598
0.147328
0.000000
0.043296
0.000000
0.010819
0.097922
0.130839
0.069085
0.045553
0.173112
0.117390
0.144073
0.156588
0.171740
0.237004
0.149699
0.151268
0.138172
0.153460
0.126590
0.132047
0.147943
0.026069
0.204543
0.183325
0.168331
0.198139
0.134185
0.117641
0.200678
0.232852
0.208623
0.169691
0.113065
0.240363
0.228577
0.272269
0.235589
0.195151
0.243289
0.236075
0.158665
0.215386
0.209017
0.220270
0.237803
0.210153
0.274682
0.284623
0.252645
0.258902
0.378425
0.361495
0.243012
0.333358
0.285175
0.296151
0.283788
0.253160
0.393165
0.243400
0.340099
0.363912
0.276125
0.407755
0.381837
0.369593
0.359527
0.377181
0.430895
0.311358
0.435387
0.347596
0.420777
0.488806
0.492042
0.402659
0.469668
0.397583
0.465157
0.539529
0.390094
0.577775
0.534363
0.439108
0.601964
0.552991
0.573198
0.550883
0.541161
0.609279
0.501495
0.481256
0.564600
0.580064
0.540231
0.609594
0.641185
0.662581
0.688105
0.622249
0.615380
0.639873
0.634442
0.659192
0.722688
0.675727
0.688426
0.625805
0.659489
0.811916
0.699928
0.618818
0.727545
0.687282
0.720317
0.788692
0.844815
0.842682
0.707398
0.888955
0.726986
0.905059
0.783422
0.824368
0.980386
0.886292
0.958084
0.886818
1.004795
0.903950
0.883847
0.803438
0.986039
0.953773
0.925699
1.032543
1.043085
0.916761
0.960938
0.919717
1.042045
0.990542
1.031287
1.000815
1.079475
1.054828
1.071238
1.128135
1.063601
0.968025
1.137606
1.124287
1.136599
1.147264
1.171642
1.201100
1.155384
1.125422
1.234139
1.157811
1.144485
1.244293
1.259075
1.194924
1.285054
1.255361
1.344633
1.260274
1.268649
1.283703
1.400892
1.276195
1.298677
1.336662
1.355459
1.286181
1.324580
1.280523
1.332024
1.373985
1.363598
1.292377
1.400436
1.363968
1.381699
1.444416
1.442251
1.458642
1.481917
1.493044
1.465664
1.559301
1.615357
1.460892
1.474914
1.537117
1.448879
1.538625
1.463700
1.541124
1.532552
1.621835
1.599760
1.646506
1.679480
1.696591
1.601345
1.729491
1.669378
1.756477
1.756085
1.689577
1.814124
1.790519
1.757696
1.732291
1.779951
1.856411
1.745158
1.748703
1.822722
1.837684
1.865625
1.864580
1.795515
1.964959
1.904014
1.897299
1.913686
1.925871
1.951278
1.948292
1.905922
1.898248
1.873914
1.909732
1.933644
2.058548
2.037260
2.033378
2.077878
2.063787
2.009840
1.983560
2.081799
2.140429
1.986809
2.029340
2.004202
2.058029
2.055242
2.203779
2.094705
2.091585
2.184470
2.217045
2.106664
2.142964
2.156539
2.178993
2.203253
2.208653
2.224054
2.248410
2.251338
2.258055
2.305852
2.249323
2.296587
2.299723
2.212082
2.329890
2.292511
2.341706
2.317280
2.405449
2.315536
2.320626
2.350338
2.368159
2.426357
2.394956
2.322221
2.485946
2.418110
2.445407
2.428694
2.482576
2.458216
2.444013
2.463099
2.619280
2.502697
2.494868
2.493817
2.555543
2.526277
2.582020
2.575157
2.560297
2.531477
2.629109
2.631375
2.588249
2.554020
2.706222
2.694126
2.690232
2.639128
2.719951
2.721522
2.682230
2.678891
2.658892
2.668772
2.635164
2.797121
2.756536
2.741445
2.647676
2.803262
2.741461
2.773657
2.819639
2.809503
2.854392
2.710004
2.672586
2.763820
2.822112
2.763681
2.802684
2.816951
2.873925
2.820599
2.839260
2.867636
2.889213
2.830428
2.852371
2.839094
2.821436
2.926068
2.903765
2.942601
2.930815
3.015650
2.902904
2.929064
3.020797
3.006692
2.841738
3.012756
3.051616
2.987307
2.971647
3.007587
2.940083
3.028476
2.942747
3.004721
3.056835
3.049559
2.914674
3.030181
3.012209
3.027053
3.043964
3.024240
3.047424
3.040909
3.054439
3.120564
3.083722
3.060135
3.080471
3.132829
3.139125
3.144395
3.145765
3.099090
3.177776
3.012416
3.115320
3.147523
3.194122
3.138641
3.146773
3.179733
3.240154
3.131727
3.164690
3.191401
3.202502
3.191453
3.218794
3.126127
3.183052
3.170274
3.246520
3.211740
3.141855
3.235730
3.218022
3.241493
3.187087
3.174532
3.259628
3.230915
3.213502
3.174027
3.191494
3.289105
3.243944
3.231148
3.189383
3.287389
3.191504
3.265153
3.225068
3.259893
3.231983
3.187468
3.219216
3.214914
3.300000
3.300000
3.233382
3.300000
3.300000
3.255094
3.242413
3.156435
3.269376
3.256836
3.300000
3.247621
3.300000
3.205553
3.268615
3.270582
3.300000
3.290518
3.204733
3.273623
3.300000
3.221636
3.244055
3.300000
3.300000
3.300000
3.265952
3.197006
3.287123
3.282996
3.300000
3.300000
3.300000
3.300000
3.300000
3.300000
3.300000
3.300000
3.283141
3.300000
3.260826
3.278511
3.300000
3.298867
3.170980
3.300000
3.300000
3.300000
3.288428
3.293201
3.233659
3.298401
3.300000
3.300000
3.245415
3.277987
3.283668
3.270770
3.172360
3.300000
3.290179
3.293038
3.242052
3.300000
3.243588
3.211560
3.211261
3.300000
3.221506
3.212379
3.288950
3.184265
3.229751
3.226267
3.197119
3.282702
3.240401
3.267054
3.183805
3.203749
3.263220
3.142413
3.199171
3.207697
3.232525
3.220047
3.141675
3.104693
3.210624
3.165713
3.191514
3.234332
3.173549
3.181109
3.227572
3.210645
3.192811
3.114606
3.144026
3.120213
3.163669
3.176023
3.068064
3.115636
3.137014
3.135213
3.118841
3.024393
3.090648
3.138774
3.194043
3.128380
3.007968
3.100646
3.126860
3.097758
3.017447
3.032868
3.071909
3.114560
3.039236
3.036948
3.089046
3.083504
3.038480
2.956985
2.982832
3.034291
3.044776
3.017821
2.962948
2.991028
2.904363
3.007457
2.931281
3.041866
2.925969
2.923130
2.912193
3.028061
2.945601
2.837619
2.843174
2.955879
2.907713
2.920989
2.821965
2.839584
2.883627
2.772036
2.853248
2.868075
2.789310
2.814487
2.881952
2.889441
2.757046
2.821102
2.801808
2.732056
2.826231
2.745756
2.795223
2.694488
2.747842
2.775620
2.757606
2.700631
2.744629
2.672486
2.645849
2.709477
2.722573
2.698646
2.621107
2.691108
2.660698
2.646282
2.622105
2.615281
2.670094
2.584502
2.565155
2.603137
2.611303
2.568391
2.648614
2.605759
2.610489
2.600307
2.521425
2.386874
2.579412
2.482145
2.596625
2.504236
2.425053
2.406296
2.435349
2.446813
2.470360
2.389384
2.497096
2.462950
2.388725
2.294734
2.386232
2.393736
2.411865
2.335657
2.313225
2.377708
2.378710
2.301508
2.337978
2.298766
2.300578
2.288847
2.231233
2.219456
2.264389
2.267339
2.176107
2.259272
2.175924
2.267388
2.187741
2.160783
2.226448
2.159453
2.161601
2.056614
2.066176
2.152319
2.081123
2.122170
2.121963
1.998664
2.116513
2.099867
2.036393
2.090612
1.981551
2.095204
2.009855
1.914487
1.929529
1.958866
1.997988
1.909880
1.941116
1.988544
1.908136
1.887269
1.976706
1.882209
1.907642
1.900950
1.891993
1.847046
1.832900
1.798175
1.918307
1.821281
1.756564
1.862739
1.824719
1.733298
1.693212
1.784855
1.767906
1.754027
1.624868
1.750061
1.735887
1.760941
1.705095
1.638034
1.626743
1.589302
1.729759
1.618220
1.589124
1.539923
1.671385
1.641553
1.554488
1.625236
1.537713
1.528733
1.526676
1.470686
1.481614
1.515049
1.486524
1.481687
1.505846
1.509704
1.484226
1.408381
1.485407
1.462275
1.434776
1.521737
1.529731
1.463507
1.325101
1.396763
1.408336
1.395154
1.335933
1.455885
1.277768
1.297843
1.246681
1.255834
1.261546
1.249836
1.308945
1.246723
1.244034
1.229698
1.292166
1.266373
1.145827
1.216408
1.219571
1.145729
1.103854
1.144789
1.129638
1.127211
1.115607
1.089726
1.015932
1.047916
1.059604
1.037110
0.985901
1.040215
1.173055
1.053072
0.980928
0.995151
1.043482
1.019798
1.027003
1.076554
0.904572
0.963953
0.918787
0.922892
0.897433
0.887944
0.883181
0.786611
0.868711
0.829392
0.878999
0.873254
0.880173
0.847315
0.815554
0.823688
0.791378
0.838806
0.858978
0.754348
0.778461
0.748508
0.754439
0.741893
0.831101
0.788089
0.690291
0.785397
0.741808
0.657249
0.750669
0.598645
0.691463
0.760388
0.596780
0.616046
0.587129
0.652080
0.545652
0.617943
0.539590
0.606475
0.597549
0.606247
0.589721
0.503904
0.592444
0.602302
0.551439
0.628178
0.478793
0.610620
0.525518
0.450411
0.501888
0.465130
0.497271
0.551851
0.465744
0.353032
0.491163
0.434230
0.460661
0.439760
0.468988
0.466174
0.406270
0.415002
0.409924
0.399468
0.438073
0.416550
0.352824
0.366927
0.367420
0.329769
0.390238
0.285530
0.338698
0.290123
0.334101
0.311806
0.254983
0.313782
0.272927
0.305039
0.332088
0.337588
0.281311
0.280208
0.284801
0.271987
0.332349
0.255082
0.333391
0.237015
0.219346
0.158668
0.255713
0.215245
0.241513
0.168148
0.284470
0.241306
0.213602
0.169901
0.205340
0.171162
0.238211
0.109521
0.163280
0.232253
0.261580
0.160556
0.171106
0.155134
0.076616
0.099077
0.134860
0.100612
0.124360
0.152736
0.158924
0.045942
0.085193
0.090990
0.168455
0.115778
0.043809
0.060863
0.050706
0.064310
0.127621
0.085588
0.049239
0.103447
0.100391
0.000000
0.051277
0.172010
0.076723
0.013383
0.035342
0.102401
0.028931
0.074208
0.035846
0.038981
0.022478
0.017739
0.028280
0.069077
0.079303
0.000000
0.020395
0.002687
0.000000
0.097729
0.026950
0.012752
0.116989
0.028474
0.012288
0.001569
0.000000
0.000000
0.020991
0.099575
0.000000
0.058766
0.046253
0.069707
0.022876
0.013578
0.047136
0.000000
0.000000
0.007736
0.000000
0.059466
0.000000
0.000000
0.000000
0.015379
0.041519
0.023328
0.045770
0.003531
0.000000
0.042226
0.000000
0.000000
0.100657
0.051161
0.018135
0.000000
0.019022
0.057635
0.064767
0.063240
0.000000
0.042588
0.000000
0.000000
0.000000
0.048659
0.082160
0.000000
0.000000
0.119772
0.002031
0.090563
0.000000
0.090388
0.004267
0.063373
0.000000
0.000000
0.085510
0.036088
0.055191
0.076988
0.148783
0.012034
0.000000
0.024964
0.128917
0.010779
0.073635
0.119084
0.188457
0.094840
0.049742
0.098717
0.097368
0.191237
0.015868
0.170185
0.172550
0.159079
0.125035
0.163276
0.023985
0.085898
0.178807
0.194163
0.083255
0.173270
0.111665
0.063344
0.231280
0.133462
0.198799
0.070376
0.172873
0.277274
0.182215
0.241100
0.152076
0.238545
0.177475
0.236133
0.198759
0.227837
0.244683
0.180295
0.231692
0.201095
0.281439
0.244296
0.259960
0.290068
0.297590
0.283608
0.305511
0.235682
0.382638
0.371308
0.415489
0.216591
0.315374
0.292904
0.277194
0.393641
0.344368
0.231462
0.375388
0.294728
0.429386
0.294320
0.381602
0.366190
0.368480
0.414647
0.344929
0.402612
0.504484
0.447157
0.391960
0.407679
0.482736
0.431635
0.523336
0.491668
0.446651
0.517331
0.401034
0.552408
0.474448
0.516620
0.477649
0.527642
0.609764
0.505950
0.548243
0.504439
0.543005
0.569497
0.571484
0.635827
0.646891
0.637059
0.595151
0.597883
0.686736
0.583496
0.650037
0.616081
0.697626
0.678817
0.657393
0.729724
0.729099
0.701717
0.589957
0.668068
0.655762
0.720186
0.695393
0.619848
0.730229
0.679232
0.750358
0.781689
0.868085
0.725221
0.793360
0.878187
0.809186
0.898798
0.836831
0.795585
0.827844
0.919780
0.851127
0.955742
0.861046
0.883130
0.917922
0.962218
0.986222
0.914896
1.019045
0.931239
1.022276
0.950699
0.977913
0.884263
1.012481
0.997384
1.053131
1.095832
1.057465
1.031567
1.136713
0.991152
1.053178
1.148184
1.063010
1.152847
1.076291
1.118820
1.108363
1.113661
1.136449
1.207032
1.093083
1.200851
1.128250
1.194362
1.215007
1.290347
1.184166
1.236645
1.315411
1.210054
1.189050
1.317263
1.277025
1.394158
1.269349
1.332222
1.359231
1.350896
1.353298
1.316931
1.353946
1.426936
1.456902
1.419687
1.440841
1.460802
1.543880
1.424395
1.459392
1.413224
1.438975
1.501688
1.529418
1.542628
1.547929
1.488085
1.576976
1.532038
1.551533
1.463348
1.534962
1.505721
1.590966
1.572251
1.606613
1.652840
1.580492
1.697649
1.716600
1.672218
1.681597
1.693255
1.742234
1.726837
1.695257
1.703418
1.729141
1.733967
1.752191
1.792038
1.764558
1.848293
1.800587
1.844835
1.815584
1.880147
1.792706
1.790463
1.840603
1.999850
1.981491
1.944172
1.908962
1.904917
1.926304
1.961377
2.034188
2.002479
2.051227
1.931337
1.889232
1.992036
1.957781
2.042234
1.971725
2.072098
2.035554
2.086043
2.072080
2.159880
2.045183
2.094092
2.047574
2.048157
2.205851
2.133149
2.163464
2.137861
2.194887
2.179759
2.206433
2.162803
2.201704
2.303087
2.275590
2.257512
2.214103
2.278952
2.170334
2.335557
2.281732
2.307250
2.421300
2.352914
2.390647
2.392116
2.335059
2.358962
2.373474
2.362230
2.378255
2.305403
2.411300
2.409867
2.345901
2.407254
2.377983
2.462803
2.410368
2.492729
2.473120
2.514846
2.535254
2.452553
2.508132
2.440377
2.490216
2.543409
2.522610
2.602896
2.507601
2.544080
2.662702
2.633310
2.507535
2.607724
2.624716
2.569247
2.732257
2.610295
2.691613
2.712417
2.695685
2.686596
2.714022
2.642972
2.650597
2.693651
2.603248
2.705663
2.855218
2.758376
2.763179
2.746397
2.759082
2.735726
2.848237
2.768726
2.810429
2.756940
2.765128
2.786308
2.790953
2.756675
2.835460
2.772698
2.856893
2.884666
2.901759
2.918940
2.968302
2.845804
2.852214
2.958828
2.979202
2.892428
2.887373
2.902415
2.861727
2.953520
2.980223
3.069567
2.941789
2.958252
2.991125
2.992887
3.098183
3.007891
3.098176
3.046902
3.082895
2.965468
3.097419
2.982006
3.098206
2.979187
3.180525
3.083678
3.066089
3.051313
3.068293
3.076887
3.081861
3.097409
3.032748
3.070077
3.118664
3.103283
3.086110
3.146039
3.160710
3.103631
3.075148
3.182610
3.121228
3.108565
3.231051
3.201317
3.106279
3.242800
3.076071
3.193692
3.220911
3.160157
3.095797
3.148045
3.156299
3.220242
3.189508
3.196264
3.247095
3.170012
3.165212
3.195345
3.145706
3.157012
3.207341
3.184118
3.182570
3.209317
3.295512
3.296894
3.249266
3.250892
3.204716
3.194319
3.214455
3.300000
3.300000
3.297812
3.239201
3.300000
3.264556
3.208824
3.300000
3.234790
3.241068
3.243100
3.300000
3.214793
3.293356
3.288430
3.300000
3.300000
3.300000
3.300000
3.267830
3.300000
3.294877
3.300000
3.300000
3.300000
3.276609
3.300000
3.298651
3.300000
3.264462
3.300000
3.297258
3.300000
3.300000
3.212350
3.254629
3.300000
3.241215
3.283710
3.300000
3.300000
3.280402
3.300000
3.269776
3.252453
3.300000
3.300000
3.202730
3.300000
3.219570
3.300000
3.300000
3.300000
3.300000
3.262660
3.244311
3.212242
3.300000
3.264988
3.300000
3.290687
3.227128
3.300000
3.300000
3.283617
3.235836
3.209800
3.300000
3.300000
3.300000
3.300000
3.259539
3.186026
3.240778
3.300000
3.279848
3.277533
3.300000
3.207147
3.224130
3.187701
3.300000
3.300000
3.293156
3.167336
3.268948
3.205290
3.235666
3.193904
3.262159
3.167014
3.232375
3.291945
3.154437
3.270592
3.133014
3.130797
3.232502
3.167699
3.269343
3.208214
3.224960
3.125418
3.135338
3.268975
3.190962
3.080795
3.076442
3.062273
3.130209
3.271086
3.042234
3.136460
3.220711
3.168920
3.224853
3.023232
3.101950
3.067269
3.069425
3.155415
3.056208
3.094928
3.135633
3.096551
3.135578
3.028406
3.099988
2.973092
3.068919
3.058374
3.011905
3.056708
2.902022
3.106281
2.961941
3.024403
3.027582
2.909425
2.961205
2.896374
3.011491
2.970280
3.020765
2.904200
2.992097
2.953468
2.926766
2.983829
2.845208
2.886931
2.887742
2.856731
2.869662
3.001399
2.908966
2.887233
2.876579
2.846740
2.858207
2.880048
2.831929
2.757234
2.855511
2.743845
2.822358
2.838225
2.770747
2.810581
2.866360
2.777534
2.758011
2.818675
2.718769
2.824243
2.828316
2.736682
2.748076
2.659616
2.697624
2.780735
2.700737
2.670275
2.762678
2.639841
2.650012
2.643758
2.713072
2.663772
2.598270
2.648866
2.577995
2.688009
2.473736
2.598437
2.624411
2.561923
2.492199
2.589610
2.508169
2.562497
2.503632
2.537560
2.489516
2.534770
2.450727
2.591366
2.527014
2.492577
2.412601
2.474660
2.410418
2.505067
2.445561
2.468667
2.380996
2.356719
2.384267
2.340198
2.316889
2.409454
2.283647
2.336137
2.397041
2.248431
2.353925
2.281616
2.229857
2.207817
2.287842
2.394484
2.275225
2.207774
2.323370
2.173744
2.182778
2.235368
2.071279
2.117662
2.168488
2.171157
2.091780
2.141051
2.127433
2.112289
2.145441
2.073283
2.098677
2.042598
2.005753
2.070135
1.844439
2.006720
1.989911
2.030531
2.016078
2.044100
1.952647
1.972891
1.939165
2.035915
1.932218
1.883362
1.999967
1.818571
1.865525
1.840540
1.844726
1.837139
1.928086
1.860653
1.966083
1.800088
1.811731
1.803148
1.855942
1.795894
1.771470
1.756022
1.820446
1.765288
1.719081
1.728280
1.823357
1.777853
1.672373
1.666984
1.696434
1.615231
1.637593
1.584474
1.535572
1.597691
1.602578
1.624499
1.582973
1.490048
1.597808
1.519319
1.484103
1.602249
1.549194
1.517969
1.513354
1.579495
1.458468
1.444922
1.381980
1.508121
1.469957
1.456013
1.371930
1.393582
1.412607
1.419135
1.362737
1.275907
1.313376
1.362534
1.331359
1.408606
1.230449
1.237715
1.314545
1.224238
1.335193
1.301841
1.249531
1.184179
1.245827
1.264835
1.237172
1.190961
1.190449
1.252951
1.230431
1.197647
1.092971
1.019533
1.095335
1.083440
1.097411
1.079593
1.131804
1.057097
1.164786
1.065623
1.064796
0.952517
0.999324
0.908675
1.002544
1.048380
1.073388
0.913227
0.880821
0.994924
0.973256
0.907797
0.978196
0.931726
0.948774
0.898569
0.867229
0.949106
0.946833
0.954325
0.850756
0.839300
0.872244
0.816284
0.856990
0.791264
0.808824
0.739368
0.704877
0.800946
0.768137
0.734855
0.760752
0.739020
0.813281
0.719051
0.793053
0.684622
0.670275
0.612092
0.717220
0.706936
0.760102
0.787720
0.730920
0.671931
0.698209
0.643916
0.623877
0.593280
0.650455
0.622343
0.543611
0.618323
0.630894
0.574356
0.572921
0.580427
0.512916
0.506024
0.607946
0.578605
0.581084
0.480365
0.558149
0.545522
0.534485
0.471255
0.481788
0.574140
0.486215
0.377940
0.438662
0.342030
0.469709
0.384817
0.414179
0.434035
0.420668
0.327095
0.357798
0.334617
0.352549
0.470018
0.379562
0.285258
0.387632
0.328662
0.384444
0.314867
0.330484
0.383773
0.331485
0.376987
0.293292
0.290147
0.312378
0.264916
0.297530
0.302257
0.249260
0.212870
0.235010
0.236728
0.278302
0.241748
0.282808
0.192115
0.247107
0.260653
0.242481
0.171144
0.230861
0.169861
0.194550
0.164361
0.232232
0.090510
0.184727
0.163136
0.113153
0.167718
0.137683
0.205264
0.051146
0.157286
0.166749
0.029721
0.173077
0.191614
0.161603
0.203813
0.147858
0.012089
0.055312
0.172666
0.087485
0.042880
0.000000
0.030335
0.052106
0.113110
0.111718
0.160545
0.125024
0.033269
0.073251
0.084626
0.089795
0.000000
0.019897
0.036379
0.046403
0.137849
0.066329
0.000000
0.047520
0.040878
0.030357
0.106670
0.131947
0.038202
0.043635
0.000000
0.076894
0.000000
0.034504
0.034189
0.011110
0.041460
0.019229
0.123009
0.088528
0.120556
0.059724
0.015050
0.018171
0.017463
0.052321
0.000000
0.020751
0.000000
0.054303
0.000000
0.000000
0.000000
0.000000
0.000000
0.000000
0.032100
0.000000
0.000000
0.072441
0.011006
0.038380
0.000000
0.000000
0.058364
0.000000
0.022997
0.083483
0.000000
0.000000
0.000000
0.000324
0.075545
0.000000
0.000000
0.000000
0.025988
0.017613
0.045838
0.000000
0.088061
0.008140
0.000000
0.008328
0.090086
0.046209
0.000000
0.114378
0.055773
0.033388
0.029883
0.023170
0.023062
0.000000
0.097831
0.037274
0.094572
0.078019
0.055170
0.073819
0.009530
0.083352
0.143084
0.124269
0.082438
0.092939
0.070531
0.025222
0.042281
0.036572
0.060782
0.137739
0.144099
0.163341
0.128107
0.161836
0.008368
0.111700
0.000000
0.176340
0.086614
0.175244
0.171739
0.109256
0.092768
0.124444
0.133601
0.155086
0.139272
0.179271
0.107200
0.159871
0.152767
0.166527
0.146643
0.158134
0.197956
0.210654
0.233073
0.195181
0.241844
0.234880
0.198064
0.200684
0.264659
0.120133
0.299132
0.278628
0.191794
0.358783
0.258967
0.323823
0.419697
0.244031
0.292866
0.140873
0.243974
0.274563
0.357164
0.288607
0.329930
0.315196
0.369198
0.473842
0.341112
0.307282
0.332105
0.338816
0.341009
0.484949
0.386230
0.397205
0.355951
0.378057
0.450245
0.423505
0.466923
0.437473
0.412058
0.523901
0.461268
0.595098
0.523874
0.403196
0.426697
0.442518
0.478872
0.505730
0.549592
0.594769
0.537974
0.539637
0.502668
0.558213
0.572760
0.587654
0.645424
0.525003
0.617958
0.528529
0.669161
0.746346
0.670822
0.566531
0.646069
0.626742
0.587703
0.617183
0.573747
0.647804
0.743405
0.715926
0.581666
0.772005
0.767410
0.670272
0.704096
0.766519
0.689624
0.712053
0.722798
0.808862
0.795125
0.769085
0.751230
0.801699
0.780717
0.906448
0.747712
0.823676
0.796318
0.938476
0.917623
0.849436
0.879756
0.933093
0.931694
0.792061
0.838368
0.921908
1.015772
0.988240
0.923873
1.014695
0.960108
0.945217
1.018336
1.001716
1.024261
0.993643
1.052789
1.025527
1.017451
1.129179
1.090525
1.037470
1.177886
1.081146
1.134947
1.083990
1.247927
1.257820
1.168840
1.143745
1.238970
1.217289
1.205661
1.300230
1.290279
1.248374
1.280102
1.258962
1.289312
1.320316
1.347863
1.256569
1.316188
1.354279
1.265305
1.335363
1.318367
1.346594
1.384694
1.345554
1.432674
1.409972
1.489836
1.418910
1.419203
1.454512
1.481650
1.520196
1.419865
1.511911
1.427749
1.540015
1.457477
1.525134
1.613160
1.554341
1.523054
1.538553
1.580870
1.614152
1.560963
1.630286
1.583486
1.630751
1.653082
1.634745
1.657369
1.711902
1.665032
1.586233
1.731895
1.656700
1.742169
1.705418
1.796009
1.679119
1.730423
1.792775
1.817832
1.791611
1.780333
1.757627
1.833340
1.772563
1.960813
1.844560
1.894771
1.906724
1.929326
1.874178
1.994301
1.930529
1.939114
1.951668
2.006030
2.019265
1.961730
1.879472
1.945093
1.912651
1.938580
2.040520
1.985557
2.107833
2.081702
2.027352
2.068385
2.127323
2.103298
2.065232
2.193259
2.132176
2.219100
2.200163
2.159873
2.146337
2.122274
2.250740
2.258172
2.200988
2.181059
2.225434
2.191659
2.218813
2.232808
2.263557
2.264032
2.330293
2.243264
2.354997
2.361914
2.343585
2.339639
2.270443
2.381462
2.355672
2.341001
2.403224
2.415142
2.494481
2.409199
2.328889
2.339460
2.363936
2.372086
2.417452
2.501348
2.432696
2.435194
2.399974
2.511380
2.504263
2.490322
2.516035
2.501257
2.564286
2.649223
2.573223
2.617678
2.594271
2.582355
2.697481
2.510120
2.578053
2.679769
2.607293
2.655040
2.614830
2.717166
2.697708
2.634611
2.655724
2.646644
2.719382
2.575361
2.746068
2.626591
2.612239
2.711689
2.798440
2.824721
2.817481
2.685519
2.810722
2.744794
2.653698
2.843802
2.739209
2.739110
2.723545
2.800443
2.889821
2.758873
2.931170
2.818397
2.842234
2.884886
2.947119
2.831419
2.973237
2.914328
2.824971
2.826662
2.870738
2.885157
3.017754
2.852660
3.084292
2.802833
2.933546
2.934625
2.973515
2.987872
2.928018
2.999553
2.898884
2.948146
3.072745
3.049642
2.956888
3.090978
3.011379
3.028353
3.055716
3.046169
3.158914
3.052087
3.061029
3.045138
2.993243
3.089604
3.103273
3.108057
3.116847
3.141078
3.057222
3.128829
3.136010
3.088453
3.114057
3.079479
3.144306
3.112400
3.229878
3.161826
3.127696
3.111030
3.018430
3.167147
3.120938
3.175913
3.093147
3.211546
3.143022
3.200587
3.145867
3.184417
3.252161
3.198727
3.215085
3.265010
3.183738
3.232339
3.266045
3.273036
3.250920
3.300000
3.161893
3.186435
3.246231
3.211812
3.261931
3.171405
3.246858
3.288305
3.197655
3.233636
3.152133
3.213928
3.273232
3.300000
3.300000
3.277502
3.236568
3.197166
3.300000
3.291591
3.246448
3.264054
3.281619
3.241412
3.247263
3.268610
3.255921
3.300000
3.298676
3.300000
3.300000
3.272110
3.276946
3.226863
3.300000
3.270176
3.257697
3.300000
3.227757
3.168368
3.300000
3.300000
3.300000
3.207181
3.279216
3.300000
3.300000
3.263964
3.272037
3.281878
3.284624
3.250531
3.300000
3.300000
3.300000
3.300000
3.250651
3.299762
3.300000
3.237529
3.300000
3.284618
3.300000
3.300000
3.262966
3.300000
3.300000
3.300000
3.300000
3.266473
3.210795
3.300000
3.300000
3.300000
3.225615
3.247106
3.300000
3.300000
3.300000
3.225176
3.300000
3.284395
3.298686
3.137056
3.212595
3.300000
3.300000
3.166534
3.211245
3.127565
3.252555
3.234161
3.202554
3.190134
3.188502
3.140180
3.154438
3.246585
3.230227
3.271716
3.238818
3.202676
3.189834
3.134287
3.167228
3.186624
3.173679
3.096870
3.141854
3.125476
3.193145
3.168524
3.140905
3.111943
3.109361
3.042704
3.219989
3.098599
3.018815
3.119362
3.162378
3.085371
3.111022
3.124901
3.119526
3.167162
3.030677
3.163059
3.168676
3.118121
3.039847
3.019900
3.051251
3.048687
3.079411
3.106275
3.102169
3.099355
3.040762
3.030143
3.039674
3.048715
2.970273
3.048384
3.006178
2.914081
2.966384
2.994758
3.006877
3.009711
2.990406
3.004654
2.971404
2.933129
3.000376
2.943459
2.930462
2.869885
2.961548
2.876425
2.951163
2.837064
2.906047
2.867639
2.876316
2.803945
2.838905
2.907806
2.968079
2.880401
2.745878
2.807906
2.844899
2.782262
2.912424
2.798946
2.858782
2.801321
2.783157
2.863617
2.704131
2.731765
2.670393
2.755013
2.754886
2.752196
2.770789
2.645286
2.773240
2.601389
2.712786
2.580913
2.709914
2.673628
2.713273
2.678751
2.700977
2.598481
2.540394
2.511173
2.704439
2.651185
2.624148
2.603750
2.519861
2.567066
2.538218
2.565608
2.505837
2.648925
2.454252
2.546890
2.531699
2.475863
2.634046
2.450177
2.456572
2.563234
2.529609
2.361302
2.482468
2.438766
2.435462
2.371125
2.323928
2.312149
2.312471
2.331564
2.293549
2.393537
2.346060
2.335507
2.253869
2.341774
2.170214
2.254051
2.306411
2.367148
2.236674
2.291183
2.350409
2.197114
2.183571
2.324619
2.205046
2.246399
2.194948
2.207203
2.192761
2.171859
2.000563
2.103623
2.097599
2.066247
2.061404
2.064909
2.020140
2.072595
2.020724
2.012200
1.958570
2.074049
1.927662
2.049766
1.999655
2.021403
1.946940
1.996204
2.006166
1.960234
1.946954
1.930061
1.911692
1.916269
1.879914
1.801027
1.930685
1.835030
1.851846
1.838278
1.868012
1.901026
1.706326
1.819702
1.774654
1.716082
1.756328
1.755898
1.865158
1.670010
1.829505
1.723934
1.753780
1.680328
1.638788
1.714018
1.709986
1.706341
1.638094
1.689208
1.619310
1.684796
1.615776
1.585724
1.503239
1.692234
1.603076
1.536010
1.556569
1.520186
1.494373
1.474305
1.427148
1.563392
1.527744
1.464331
1.444607
1.503738
1.350797
1.290124
1.379687
1.364253
1.472369
1.349212
1.295945
1.295024
1.336531
1.385904
1.212120
1.304455
1.282055
1.368604
1.403710
1.317146
1.316887
1.237918
1.208396
1.245348
1.277346
1.340319
1.233034
1.160648
1.150907
1.133505
1.211886
1.188879
1.167273
1.174059
1.135445
1.103361
1.142358
1.139987
1.049414
0.974732
1.048536
1.013743
1.016889
1.101075
1.004662
1.027425
1.166970
1.014939
0.954489
1.005650
0.913098
0.937654
0.938976
0.957450
1.007822
0.945941
0.919006
0.930856
0.850123
0.921453
0.860269
0.907053
0.855546
0.818795
0.768948
0.854055
0.860206
0.798986
0.750761
0.751728
0.852708
0.755322
0.797621
0.773858
0.815718
0.729566
0.749435
0.826481
0.768068
0.832095
0.725732
0.740044
0.752427
0.737460
0.633464
0.568975
0.692614
0.612625
0.753481
0.665904
0.665786
0.658800
0.672059
0.591232
0.594959
0.601415
0.635324
0.599137
0.540559
0.606581
0.565029
0.493246
0.537265
0.471466
0.483347
0.542748
0.410076
0.426529
0.560711
0.504461
0.508281
0.521041
0.524231
0.469413
0.489614
0.402437
0.418269
0.409689
0.385061
0.386080
0.427964
0.387162
0.399701
0.365510
0.381798
0.419986
0.279468
0.427240
0.381208
0.417476
0.392935
0.271256
0.320964
0.297776
0.243236
0.388883
0.285547
0.285083
0.337448
0.278588
0.273175
0.296812
0.301108
0.303227
0.286354
0.293117
0.225907
0.152570
0.333705
0.200098
0.303463
0.296621
0.259418
0.243244
0.214114
0.190109
0.172568
0.157571
0.155283
0.264835
0.072270
0.160238
0.146062
0.207219
0.170162
0.104501
0.212955
0.223448
0.154132
0.141624
0.150601
0.104968
0.193212
0.026888
0.189763
0.073223
0.067273
0.112771
0.118167
0.124996
0.124396
0.023538
0.122419
0.118181
0.116050
0.086522
0.089408
0.029167
0.067883
0.105532
0.000000
0.040184
0.000000
0.121353
0.074672
0.114185
0.028217
0.072276
0.072190
0.091194
0.049867
0.061769
0.000000
0.092586
0.004485
0.000000
0.000000
0.028606
0.025869
0.037855
0.050757
0.002118
0.069438
0.000000
0.000000
0.000000
0.000000
0.017371
0.029777
0.000000
0.021100
0.000000
0.050005
0.000000
0.000000
0.000000
0.000000
0.027853
0.000000
0.000000
0.000000
0.000000
0.023873
0.010225
0.036835
0.000000
0.017419
0.000000
0.030950
0.029225
0.010898
0.097679
0.000000
0.000000
0.003577
0.013309
0.041926
0.077167
0.000000
0.015519
0.000000
0.000000
0.017239
0.010647
0.000000
0.000000
0.000000
0.072044
0.036674
0.000000
0.019919
0.077737
0.059798
0.000000
0.041007
0.070834
0.025187
0.000000
0.045284
0.061740
0.018437
0.028553
0.046268
0.071404
0.069653
0.086323
0.042294
0.016483
0.103040
0.098780
0.023313
0.095819
0.106366
0.044910
0.150311
0.091590
0.017520
0.106257
0.151384
0.061233
0.088610
0.172977
0.147632
0.099697
0.095032
0.141537
0.147715
0.143292
0.096008
0.139681
0.165218
0.217276
0.216079
0.145485
0.143278
0.145583
0.262051
0.225218
0.265920
0.186972
0.222777
0.105040
0.130164
0.206008
0.157753
0.130594
0.203400
0.270767
0.197363
0.217169
0.348750
0.326630
0.207223
0.252028
0.144969
0.287800
0.272824
0.292762
0.346763
0.313957
0.220666
0.216130
0.312268
0.277589
0.267934
0.208895
0.290581
0.376257
0.307177
0.345969
0.320704
0.370352
0.358712
0.433436
0.324615
0.403519
0.399530
0.311211
0.421213
0.359660
0.352001
0.422102
0.491886
0.465099
0.522481
0.433505
0.461832
0.494245
0.520063
0.449235
0.469920
0.492920
0.502192
0.528466
0.540562
0.509388
0.546339
0.587035
0.491113
0.532794
0.448049
0.638190
0.632559
0.565606
0.573744
0.714486
0.624301
0.542859
0.692208
0.660018
0.708444
0.720723
0.545773
0.659120
0.799700
0.689918
0.669191
0.709288
0.779347
0.718373
0.809644
0.699591
0.683044
0.720199
0.737652
0.785046
0.879963
0.726044
0.709271
0.769697
0.736158
0.836439
0.832381
0.800590
0.883462
0.792764
0.860693
0.895770
0.880891
0.905031
0.888289
0.890056
0.914983
0.938875
0.919295
0.960651
1.009276
0.866730
0.960974
0.998995
1.000617
1.106781
1.068154
1.061110
1.079230
1.000622
1.094836
1.056123
0.983242
0.983435
1.138155
1.078147
1.119259
1.113472
1.088114
1.123155
1.180689
1.057640
1.195018
1.144202
1.245142
1.206928
1.211984
1.181025
1.183430
1.306198
1.207295
1.321309
1.332521
1.294644
1.325502
1.290573
1.294290
1.395296
1.208882
1.330524
1.349832
1.332293
1.450628
1.389493
1.428597
1.389222
1.438304
1.310496
1.505196
1.489806
1.427200
1.521517
1.534863
1.431884
1.538595
1.530178
1.499107
1.531577
1.639301
1.547671
1.531610
1.607694
1.639869
1.595345
1.597071
1.672922
1.713573
1.628250
1.686190
1.565730
1.635576
1.648324
1.622172
1.703842
1.670221
1.671112
1.788418
1.747765
1.810699
1.779150
1.867097
1.815554
1.827548
1.852146
1.771942
1.773388
1.890010
1.891670
1.815983
1.861753
1.876642
1.916693
1.915014
1.834780
1.966000
1.933385
1.948719
1.964267
1.969385
1.955703
1.929594
1.974940
1.978948
2.051449
2.140286
1.995191
2.082389
2.071848
2.068052
2.107878
2.103999
2.096176
2.035911
2.071401
2.189632
2.170429
2.163601
2.216171
2.182261
2.173588
2.164528
2.163898
2.195179
2.133468
2.204352
2.297001
2.229548
2.256585
2.271113
2.377003
2.224259
2.218175
2.327783
2.346339
2.287598
2.278374
2.324256
2.307458
2.377397
2.371961
2.204653
2.386749
2.340557
2.361528
2.419442
2.386481
2.359737
2.425881
2.407584
2.432254
2.378998
2.516661
2.469277
2.495654
2.438599
2.499827
2.580708
2.521220
2.590334
2.571113
2.560357
2.561076
2.554642
2.626421
2.613138
2.528101
2.672728
2.613045
2.656329
2.653726
2.699420
2.597343
2.643686
2.645863
2.743165
2.793694
2.667731
2.715790
2.631772
2.703656
2.671080
2.748613
2.834426
2.739495
2.768299
2.806174
2.717034
2.691546
2.777712
2.743861
2.861893
2.873571
2.775542
2.881023
2.758240
2.850600
2.841455
2.844319
2.824647
2.808261
2.851525
2.899188
2.896931
2.939528
2.862881
2.854955
2.916837
2.892516
2.968650
2.855409
2.908616
2.945572
2.919036
2.904438
3.013718
3.010956
3.057358
3.010720
2.957211
2.977167
3.014919
3.061793
2.999268
2.930766
2.970120
3.058536
3.032158
3.084234
3.064573
2.977853
3.116787
2.996984
3.060795
3.076791
3.096521
3.152817
3.138162
3.041518
3.047892
3.151982
3.137214
3.119640
3.113219
3.149799
3.101474
3.236957
3.131826
3.136929
3.124388
3.159024
3.158788
3.110640
3.206682
3.130318
3.124130
3.196051
3.152849
3.165621
3.111241
3.156027
3.222867
3.184214
3.196452
3.152459
3.121657
3.167647
3.185865
3.194083
3.272373
3.207301
3.290408
3.300000
3.238989
3.207942
3.242719
3.219094
3.231619
3.281198
3.287097
3.186374
3.197063
3.300000
3.233130
3.232553
3.300000
3.300000
3.300000
3.243044
3.300000
3.250416
3.280479
3.233537
3.285878
3.265144
3.300000
3.225382
3.226688
3.239378
3.249114
3.245460
3.261572
3.210322
3.246962
3.188563
3.211964
3.300000
3.237783
3.289318
3.259771
3.300000
3.180502
3.299079
3.300000
3.300000
3.300000
3.279234
3.300000
3.295098
3.300000
3.300000
3.286597
3.300000
3.281485
3.248543
3.300000
3.294311
3.203254
3.295047
3.300000
3.286245
3.300000
3.285997
3.191596
3.266325
3.281371
3.214941
3.194195
3.300000
3.300000
3.246519
3.199140
3.300000
3.300000
3.249834
3.274433
3.300000
3.261491
3.280676
3.300000
3.268614
3.300000
3.300000
3.225027
3.300000
3.227231
3.277671
3.251703
3.232887
3.300000
3.270992
3.234986
3.282398
3.269305
3.271441
3.231698
3.135730
3.243032
3.281105
3.196819
3.184575
3.207841
3.235570
3.222878
3.181545
3.275042
3.129085
3.122111
3.300000
3.201321
3.232838
3.133925
3.164808
3.255911
3.160395
3.134044
3.159090
3.040537
3.192262
3.114514
3.088239
3.109607
3.113233
3.090072
3.019824
3.075156
3.107030
3.056901
3.072008
3.078591
3.098376
3.089405
3.049986
3.016369
3.008682
3.084414
3.035663
3.084435
3.075703
3.089825
3.068837
3.017255
3.029401
3.035108
3.010412
2.958488
2.979388
3.087321
2.969313
2.926750
2.985269
2.953267
3.046393
2.989648
2.978331
2.914997
2.990583
2.894940
2.989292
2.811277
2.989089
2.872844
2.892066
2.887326
2.903276
2.895381
2.954749
2.862784
2.872480
2.880879
2.858740
2.826287
2.861301
2.777816
2.797455
2.834704
2.803487
2.826637
2.761681
2.738401
2.773575
2.753991
2.684218
2.747510
2.737236
2.656072
2.621336
2.691348
2.791236
2.722868
2.793768
2.636432
2.681595
2.613325
2.746477
2.592162
2.653726
2.660860
2.575497
2.677942
2.578290
2.536761
2.600545
2.574824
2.579691
2.545428
2.614903
2.555374
2.573162
2.460704
2.583746
2.489287
2.568973
2.444639
2.495314
2.357541
2.440569
2.502026
2.467068
2.502754
2.459763
2.364544
2.439008
2.406201
2.489117
2.416321
2.429825
2.395657
2.339748
2.388389
2.382751
2.380383
2.312656
2.243682
2.337135
2.269737
2.347373
2.251814
2.336909
2.346895
2.197706
2.266362
2.277842
2.235666
2.162701
2.132335
2.250648
2.198117
2.090779
2.103650
2.201177
2.109091
2.178721
2.169212
2.071048
2.157026
2.130155
2.003377
2.086587
2.101067
2.097436
2.018250
2.077052
1.954691
1.959612
2.006538
1.981753
1.957450
2.016420
1.999198
1.918336
1.909019
1.993748
1.944312
1.884248
1.832954
1.899356
1.851129
1.812027
1.851584
1.846402
1.841456
1.794033
1.820903
1.807856
1.790496
1.789070
1.756248
1.830817
1.780926
1.703226
1.809526
1.630121
1.688448
1.742099
1.779239
1.651211
1.774979
1.737914
1.697026
1.630655
1.631827
1.709339
1.677987
1.613963
1.597227
1.655397
1.600085
1.558987
1.555689
1.563189
1.496344
1.494285
1.466246
1.512249
1.475403
1.497881
1.403030
1.416973
1.491622
1.448082
1.495806
1.465352
1.401795
1.418242
1.377942
1.356251
1.313404
1.382733
1.376588
1.319783
1.313447
1.320971
1.341458
1.226763
1.274346
1.297401
1.287982
1.289343
1.254797
1.214601
1.191012
1.276309
1.232552
1.236929
1.249471
1.176166
1.144366
1.162042
1.171595
1.041928
1.163803
1.026271
1.095322
1.079656
0.983942
1.048844
1.086845
1.093982
0.994310
0.967573
1.091280
1.017976
0.973029
0.978958
0.954046
0.989824
0.999613
0.874283
0.849346
0.935857
0.909135
0.989652
0.899053
0.886671
0.839381
0.955780
0.928984
0.847579
0.836632
0.882695
0.777277
0.805583
0.791435
0.804142
0.926947
0.728911
0.708056
0.856429
0.763156
0.788485
0.694159
0.702768
0.739404
0.700220
0.791531
0.732857
0.674172
0.654883
0.660696
0.707236
0.693462
0.695337
0.589906
0.619931
0.687188
0.548113
0.637242
0.555001
0.640467
0.574137
0.670815
0.564680
0.600050
0.502571
0.531049
0.560853
0.407771
0.529115
0.484181
0.490618
0.515502
0.590630
0.430596
0.466856
0.447722
0.446029
0.477962
0.492783
0.451326
0.390104
0.396153
0.466122
0.413617
0.429738
0.453580
0.433630
0.315814
0.427739
0.352585
0.401565
0.334635
0.375323
0.288159
0.423424
0.266455
0.259969
0.274642
0.318790
0.358448
0.308988
0.316211
0.247993
0.273529
0.310378
0.392163
0.244894
0.188689
0.205331
0.281745
0.303953
0.311555
0.295980
0.250421
0.291073
0.260624
0.239163
0.262591
0.161734
0.164621
0.200404
0.172398
0.153741
0.241862
0.159450
0.211737
0.083052
0.208254
0.132907
0.043999
0.121743
0.134986
0.195679
0.160448
0.109225
0.140935
0.114853
0.120147
0.161282
0.150472
0.034279
0.172246
0.154614
0.095779
0.052736
0.083536
0.101138
0.012919
0.063430
0.081038
0.108344
0.122599
0.132268
0.155825
0.021881
0.010265
0.126746
0.000000
0.013412
0.105253
0.000000
0.084327
0.097876
0.000000
0.081623
0.000000
0.002461
0.031915
0.016165
0.046631
0.035224
0.068816
0.000000
0.000000
0.091096
0.041696
0.029968
0.015153
0.086760
0.117858
0.000000
0.022701
0.072362
0.029804
0.000000
0.000000
0.000000
0.000000
0.067399
0.105072
0.026570
0.048468
0.063487
0.000000
0.000000
0.007519
0.027295
0.000000
0.039284
0.000000
0.000000
0.051434
0.005882
0.000000
0.000000
0.000000
0.051800
0.000000
0.000000
0.000000
0.052282
0.000000
0.000000
0.000000
0.059747
0.005112
0.000000
0.000000
0.053692
0.000000
0.000000
0.045876
0.000000
0.019490
0.000000
0.109234
0.080425
0.026205
0.044406
0.016279
0.188934
0.023495
0.000000
0.007927
0.017018
0.000000
0.058410
0.116382
0.023503
0.000000
0.017647
0.073543
0.053434
0.000000
0.093619
0.097581
0.000000
0.082735
0.115348
0.109021
0.062922
0.132786
0.024975
0.000000
0.148050
0.106547
0.138823
0.063646
0.192760
0.086369
0.152928
0.067312
0.077759
0.086276
0.121630
0.162287
0.194950
0.198266
0.182646
0.186440
0.148576
0.136079
0.166524
0.202052
0.150078
0.268164
0.268167
0.233249
0.225153
0.160459
0.087227
0.173822
0.151422
0.263026
0.311208
0.249718
0.219873
0.195375
0.223941
0.291893
0.260974
0.362088
0.230424
0.144737
0.292458
0.239798
0.323484
0.310525
0.385317
0.223280
0.343954
0.362140
0.268577
0.392969
0.457175
0.362599
0.411075
0.375155
0.296194
0.407221
0.359745
0.375054
0.422926
0.444901
0.329515
0.500507
0.460796
0.421164
0.488365
0.399006
0.457030
0.505370
0.450654
0.463580
0.439260
0.504997
0.483415
0.495801
0.598728
0.545665
0.499837
0.559471
0.446740
0.460496
0.527761
0.516713
0.551857
0.624756
0.606854
0.506497
0.589566
0.707089
0.584312
0.491022
0.529137
0.584979
0.689822
0.632010
0.683380
0.670547
0.665092
0.770557
0.632220
0.645813
0.706773
0.777236
0.796763
0.647199
0.785148
0.724752
0.759646
0.685349
0.772409
0.756551
0.771160
0.891204
0.885653
0.863492
0.785053
0.792998
0.878739
0.775122
0.877589
0.853186
0.919246
0.849606
0.910112
0.838838
0.941422
0.935608
0.869494
0.956207
0.980627
0.940161
1.034987
0.969604
0.919377
1.004236
0.983873
1.006476
0.975698
1.102467
1.002459
1.074374
1.076198
1.127232
1.061051
1.140200
1.175245
1.127834
1.128090
1.181977
1.164019
1.273774
1.195941
1.096082
1.244011
1.252949
1.175199
1.206607
1.289925
1.210135
1.240815
1.290846
1.231429
1.311687
1.307369
1.407507
1.352231
1.309522
1.394869
1.336164
1.423971
1.304148
1.443864
1.422641
1.442586
1.401523
1.469770
1.439266
1.469221
1.430517
1.511583
1.480607
1.533838
1.541302
1.467276
1.461444
1.484940
1.499524
1.502168
1.524971
1.573743
1.550797
1.646168
1.624648
1.675640
1.651317
1.671766
